$SU.strat-v0.1
// Stochastic Memory Update Strategy
start strategy
States:
706
// Initial state
InitState:
0
// initial distribution
Init:
{0=1.0}
// next state function
// note: only P1 states
Next:
// first index: current state
// second index: current corner
2 0 {0=1.0}
3 0 {4=1.0}
20 0 {4=1.0}
42 0 {0=1.0}
62 0 {0=1.0}
63 0 {4=1.0}
64 0 {0=1.0}
65 0 {4=1.0}
138 0 {0=1.0}
139 0 {0=1.0}
140 0 {0=1.0}
141 0 {0=1.0}
398 0 {0=1.0}
399 0 {0=1.0}
400 0 {0=1.0}
402 0 {0=1.0}
405 0 {0=1.0}
406 0 {0=1.0}
682 0 {0=1.0}
683 0 {0=1.0}
684 0 {0=1.0}
685 0 {0=1.0}
686 0 {0=1.0}
687 0 {0=1.0}
// memory update function: player states
MemUpdStates:
// first index: current state
// second index: current corner
// third index: next move
0 0 0 {0=1.0}
1 0 0 {0=1.0}
1 0 1 {0=1.0}
2 0 0 {0=1.0}
3 0 4 {0=1.0}
4 0 0 {0=1.0}
4 0 1 {0=1.0}
4 0 2 {0=1.0}
4 0 3 {0=1.0}
4 0 4 {0=1.0}
4 0 5 {0=1.0}
4 0 6 {0=1.0}
4 0 7 {0=1.0}
4 0 8 {0=1.0}
16 0 0 {0=1.0}
16 0 1 {0=1.0}
20 0 4 {0=1.0}
21 0 0 {0=1.0}
21 0 1 {0=1.0}
22 0 0 {0=1.0}
22 0 1 {0=1.0}
42 0 0 {0=1.0}
43 0 0 {0=1.0}
43 0 1 {0=1.0}
44 0 0 {0=1.0}
44 0 1 {0=1.0}
58 0 0 {0=1.0}
58 0 1 {0=1.0}
58 0 2 {0=1.0}
58 0 3 {0=1.0}
58 0 4 {0=1.0}
58 0 5 {0=1.0}
58 0 6 {0=1.0}
58 0 7 {0=1.0}
58 0 8 {0=1.0}
58 0 9 {0=1.0}
62 0 0 {0=1.0}
63 0 4 {0=1.0}
64 0 0 {0=1.0}
65 0 4 {0=1.0}
138 0 0 {0=1.0}
139 0 0 {0=1.0}
140 0 0 {0=1.0}
141 0 0 {0=1.0}
174 0 0 {0=1.0}
174 0 1 {0=1.0}
175 0 0 {0=1.0}
175 0 1 {0=1.0}
175 0 2 {0=1.0}
175 0 3 {0=1.0}
175 0 4 {0=1.0}
175 0 5 {0=1.0}
175 0 6 {0=1.0}
175 0 7 {0=1.0}
175 0 8 {0=1.0}
176 0 0 {0=1.0}
176 0 1 {0=1.0}
176 0 2 {0=1.0}
176 0 3 {0=1.0}
176 0 4 {0=1.0}
176 0 5 {0=1.0}
176 0 6 {0=1.0}
176 0 7 {0=1.0}
176 0 8 {0=1.0}
177 0 0 {0=1.0}
177 0 1 {0=1.0}
178 0 0 {0=1.0}
178 0 1 {0=1.0}
398 0 0 {0=1.0}
399 0 0 {0=1.0}
400 0 0 {0=1.0}
401 0 0 {0=1.0}
401 0 1 {0=1.0}
402 0 0 {0=1.0}
403 0 0 {0=1.0}
403 0 1 {0=1.0}
404 0 0 {0=1.0}
404 0 1 {0=1.0}
405 0 0 {0=1.0}
406 0 0 {0=1.0}
682 0 0 {0=1.0}
683 0 0 {0=1.0}
684 0 0 {0=1.0}
685 0 0 {0=1.0}
686 0 0 {0=1.0}
687 0 0 {0=1.0}
// memory update function: moves
MemUpdMoves:
// first index: current state
// second index: current move
// third index: curent corner (at move)
// fourth index: next state
0 0 0 1 {0=1.0}
1 0 0 2 {0=1.0}
1 1 0 3 {0=1.0}
2 0 0 4 {0=1.0}
3 4 0 16 {0=1.0}
4 0 0 20 {0=1.0}
4 1 0 21 {0=1.0}
4 1 0 22 {0=1.0}
4 2 0 21 {0=1.0}
4 2 0 22 {0=1.0}
4 3 0 21 {0=1.0}
4 3 0 22 {0=1.0}
4 4 0 21 {0=1.0}
4 4 0 22 {0=1.0}
4 5 0 21 {0=1.0}
4 5 0 22 {0=1.0}
4 6 0 21 {0=1.0}
4 6 0 22 {0=1.0}
4 7 0 21 {0=1.0}
4 7 0 22 {0=1.0}
4 8 0 21 {0=1.0}
4 8 0 22 {0=1.0}
16 0 0 42 {0=1.0}
16 1 0 43 {0=1.0}
16 1 0 44 {0=1.0}
20 4 0 58 {0=1.0}
21 0 0 62 {0=1.0}
21 1 0 63 {0=1.0}
22 0 0 64 {0=1.0}
22 1 0 65 {0=1.0}
42 0 0 58 {0=1.0}
43 0 0 138 {0=1.0}
43 1 0 139 {0=1.0}
44 0 0 140 {0=1.0}
44 1 0 141 {0=1.0}
58 0 0 174 {0=1.0}
58 1 0 176 {0=1.0}
58 1 0 175 {0=1.0}
58 2 0 177 {0=1.0}
58 2 0 178 {0=1.0}
58 3 0 177 {0=1.0}
58 3 0 178 {0=1.0}
58 4 0 177 {0=1.0}
58 4 0 178 {0=1.0}
58 5 0 177 {0=1.0}
58 5 0 178 {0=1.0}
58 6 0 177 {0=1.0}
58 6 0 178 {0=1.0}
58 7 0 177 {0=1.0}
58 7 0 178 {0=1.0}
58 8 0 177 {0=1.0}
58 8 0 178 {0=1.0}
58 9 0 177 {0=1.0}
58 9 0 178 {0=1.0}
62 0 0 21 {0=1.0}
63 4 0 177 {0=1.0}
64 0 0 22 {0=1.0}
65 4 0 178 {0=1.0}
138 0 0 175 {0=1.0}
139 0 0 43 {0=1.0}
140 0 0 176 {0=1.0}
141 0 0 44 {0=1.0}
174 0 0 398 {0=1.0}
174 1 0 399 {0=1.0}
175 0 0 400 {0=1.0}
175 1 0 401 {0=1.0}
175 1 0 174 {0=1.0}
175 2 0 401 {0=1.0}
175 2 0 174 {0=1.0}
175 3 0 401 {0=1.0}
175 3 0 174 {0=1.0}
175 4 0 401 {0=1.0}
175 4 0 174 {0=1.0}
175 5 0 401 {0=1.0}
175 5 0 174 {0=1.0}
175 6 0 401 {0=1.0}
175 6 0 174 {0=1.0}
175 7 0 401 {0=1.0}
175 7 0 174 {0=1.0}
175 8 0 401 {0=1.0}
175 8 0 174 {0=1.0}
176 0 0 402 {0=1.0}
176 1 0 403 {0=1.0}
176 1 0 404 {0=1.0}
176 2 0 403 {0=1.0}
176 2 0 404 {0=1.0}
176 3 0 403 {0=1.0}
176 3 0 404 {0=1.0}
176 4 0 403 {0=1.0}
176 4 0 404 {0=1.0}
176 5 0 403 {0=1.0}
176 5 0 404 {0=1.0}
176 6 0 403 {0=1.0}
176 6 0 404 {0=1.0}
176 7 0 403 {0=1.0}
176 7 0 404 {0=1.0}
176 8 0 403 {0=1.0}
176 8 0 404 {0=1.0}
177 0 0 405 {0=1.0}
177 1 0 403 {0=1.0}
177 1 0 174 {0=1.0}
178 0 0 406 {0=1.0}
178 1 0 401 {0=1.0}
178 1 0 404 {0=1.0}
398 0 0 174 {0=1.0}
399 0 0 174 {0=1.0}
400 0 0 175 {0=1.0}
401 0 0 682 {0=1.0}
401 1 0 683 {0=1.0}
402 0 0 176 {0=1.0}
403 0 0 684 {0=1.0}
403 1 0 685 {0=1.0}
404 0 0 686 {0=1.0}
404 1 0 687 {0=1.0}
405 0 0 177 {0=1.0}
406 0 0 178 {0=1.0}
682 0 0 401 {0=1.0}
683 0 0 401 {0=1.0}
684 0 0 403 {0=1.0}
685 0 0 403 {0=1.0}
686 0 0 404 {0=1.0}
687 0 0 404 {0=1.0}
Info:

maximum C-iterations: 500
	relative termination threshold: 0.010000
	bounding box: 

endstrategy
