72 91 111
0 0 12 0.950995379321 n0e0
0 0 13 0.0490046206785 n0e0
0 1 12 0.500680546712 n0e1
0 1 14 0.499319453288 n0e1
1 0 15 0.142218020694 n0e0
1 0 16 0.857781979306 n0e0
1 1 15 0.341511048759 n0e1
1 1 17 0.658488951241 n0e1
2 0 18 0.737060792115 n0e0
2 0 19 0.262939207885 n0e0
2 1 18 0.287718103728 n0e1
2 1 20 0.712281896272 n0e1
3 0 21 0.644445594034 n0e0
3 0 22 0.355554405966 n0e0
3 1 21 0.971768371706 n0e1
3 1 23 0.0282316282936 n0e1
4 0 24 0.416029568331 n0e0
4 0 25 0.583970431669 n0e0
4 1 24 0.21465677774 n0e1
4 1 26 0.78534322226 n0e1
5 0 27 0.917741946844 n0e0
5 0 28 0.0822580531564 n0e0
5 1 27 0.713659619997 n0e1
5 1 29 0.286340380003 n0e1
6 0 30 0.222099430428 n0e0
6 0 31 0.777900569572 n0e0
6 1 30 0.261615740508 n0e1
6 1 32 0.738384259492 n0e1
7 0 33 0.815777881672 n0e0
7 0 34 0.184222118328 n0e0
7 1 33 0.170360575277 n0e1
7 1 35 0.829639424723 n0e1
8 0 36 0.166129918985 n0e0
8 0 37 0.833870081015 n0e0
8 1 36 0.7507812668 n0e1
8 1 38 0.2492187332 n0e1
9 0 39 0.681979837115 n0e0
9 0 40 0.318020162885 n0e0
9 1 39 0.0828443942252 n0e1
9 1 41 0.917155605775 n0e1
10 0 0 1 n0r1
10 1 1 1 n0r3
10 2 2 1 n0r4
10 3 3 1 n0r6
10 4 4 1 n0r11
10 5 5 1 n0r13
10 6 6 1 n0r15
10 7 7 1 n0r16
10 8 8 1 n0r18
10 9 9 1 n0r19
11 0 10 1 be
12 0 42 1 end
13 0 43 1 end
14 0 44 1 end
15 0 45 1 end
16 0 46 1 end
17 0 47 1 end
18 0 48 1 end
19 0 49 1 end
20 0 50 1 end
21 0 51 1 end
22 0 52 1 end
23 0 53 1 end
24 0 54 1 end
25 0 55 1 end
26 0 56 1 end
27 0 57 1 end
28 0 58 1 end
29 0 59 1 end
30 0 60 1 end
31 0 61 1 end
32 0 62 1 end
33 0 63 1 end
34 0 64 1 end
35 0 65 1 end
36 0 66 1 end
37 0 67 1 end
38 0 68 1 end
39 0 69 1 end
40 0 70 1 end
41 0 71 1 end
42 0 42 1 ter
43 0 43 1 ter
44 0 44 1 ter
45 0 45 1 ter
46 0 46 1 ter
47 0 47 1 ter
48 0 48 1 ter
49 0 49 1 ter
50 0 50 1 ter
51 0 51 1 ter
52 0 52 1 ter
53 0 53 1 ter
54 0 54 1 ter
55 0 55 1 ter
56 0 56 1 ter
57 0 57 1 ter
58 0 58 1 ter
59 0 59 1 ter
60 0 60 1 ter
61 0 61 1 ter
62 0 62 1 ter
63 0 63 1 ter
64 0 64 1 ter
65 0 65 1 ter
66 0 66 1 ter
67 0 67 1 ter
68 0 68 1 ter
69 0 69 1 ter
70 0 70 1 ter
71 0 71 1 ter
