800 0 2800
0 0 1 1 st1
1 0 2 1 tau
1 1 3 1 tau
1 2 1 1 st2
2 0 4 1 r0a
2 1 5 1 r1a
2 2 6 1 r2a
2 3 7 1 r3a
2 4 8 1 r4a
3 0 9 1 r0b
3 1 10 1 r1b
3 2 11 1 r2b
3 3 12 1 r3b
3 4 13 1 r4b
4 0 14 1 tau
5 0 15 1 tau
6 0 16 1 tau
7 0 17 1 tau
8 0 18 1 tau
9 0 19 1 tau
10 0 20 1 tau
11 0 21 1 tau
12 0 22 1 tau
13 0 23 1 tau
14 0 0 1 r0b
14 1 24 1 r1b
14 2 25 1 r2b
14 3 26 1 r3b
14 4 27 1 r4b
15 0 28 1 r0b
15 1 29 1 r1b
15 2 30 1 r2b
15 3 31 1 r3b
15 4 32 1 r4b
16 0 33 1 r0b
16 1 34 1 r1b
16 2 35 1 r2b
16 3 36 1 r3b
16 4 37 1 r4b
17 0 38 1 r0b
17 1 39 1 r1b
17 2 40 1 r2b
17 3 41 1 r3b
17 4 42 1 r4b
18 0 43 1 r0b
18 1 44 1 r1b
18 2 45 1 r2b
18 3 46 1 r3b
18 4 47 1 r4b
19 0 0 1 r0a
19 1 28 1 r1a
19 2 33 1 r2a
19 3 38 1 r3a
19 4 43 1 r4a
20 0 24 1 r0a
20 1 29 1 r1a
20 2 34 1 r2a
20 3 39 1 r3a
20 4 44 1 r4a
21 0 25 1 r0a
21 1 30 1 r1a
21 2 35 1 r2a
21 3 40 1 r3a
21 4 45 1 r4a
22 0 26 1 r0a
22 1 31 1 r1a
22 2 36 1 r2a
22 3 41 1 r3a
22 4 46 1 r4a
23 0 27 1 r0a
23 1 32 1 r1a
23 2 37 1 r2a
23 3 42 1 r3a
23 4 47 1 r4a
24 0 48 1 st1
25 0 49 1 st1
26 0 50 1 st1
27 0 51 1 st1
28 0 52 1 st1
29 0 53 1 st1
30 0 54 1 st1
31 0 55 1 st1
32 0 56 1 st1
33 0 57 1 st1
34 0 58 1 st1
35 0 59 1 st1
36 0 60 1 st1
37 0 61 1 st1
38 0 62 1 st1
39 0 63 1 st1
40 0 64 1 st1
41 0 65 1 st1
42 0 66 1 st1
43 0 67 1 st1
44 0 68 1 st1
45 0 69 1 st1
46 0 70 1 st1
47 0 71 1 st1
48 0 72 1 tau
48 1 73 1 tau
48 2 48 1 st2
49 0 74 1 tau
49 1 75 1 tau
49 2 49 1 st2
50 0 76 1 tau
50 1 77 1 tau
50 2 50 1 st2
51 0 78 1 tau
51 1 79 1 tau
51 2 51 1 st2
52 0 80 1 tau
52 1 81 1 tau
52 2 52 1 st2
53 0 82 1 tau
53 1 83 1 tau
53 2 53 1 st2
54 0 84 1 tau
54 1 85 1 tau
54 2 54 1 st2
55 0 86 1 tau
55 1 87 1 tau
55 2 55 1 st2
56 0 88 1 tau
56 1 89 1 tau
56 2 56 1 st2
57 0 90 1 tau
57 1 91 1 tau
57 2 57 1 st2
58 0 92 1 tau
58 1 93 1 tau
58 2 58 1 st2
59 0 94 1 tau
59 1 95 1 tau
59 2 59 1 st2
60 0 96 1 tau
60 1 97 1 tau
60 2 60 1 st2
61 0 98 1 tau
61 1 99 1 tau
61 2 61 1 st2
62 0 100 1 tau
62 1 101 1 tau
62 2 62 1 st2
63 0 102 1 tau
63 1 103 1 tau
63 2 63 1 st2
64 0 104 1 tau
64 1 105 1 tau
64 2 64 1 st2
65 0 106 1 tau
65 1 107 1 tau
65 2 65 1 st2
66 0 108 1 tau
66 1 109 1 tau
66 2 66 1 st2
67 0 110 1 tau
67 1 111 1 tau
67 2 67 1 st2
68 0 112 1 tau
68 1 113 1 tau
68 2 68 1 st2
69 0 114 1 tau
69 1 115 1 tau
69 2 69 1 st2
70 0 116 1 tau
70 1 117 1 tau
70 2 70 1 st2
71 0 118 1 tau
71 1 119 1 tau
71 2 71 1 st2
72 0 120 1 r0a
72 1 121 1 r1a
72 2 122 1 r2a
72 3 123 1 r3a
72 4 124 1 r4a
73 0 9 1 r0b
73 1 10 1 r1b
73 2 11 1 r2b
73 3 12 1 r3b
73 4 13 1 r4b
74 0 125 1 r0a
74 1 126 1 r1a
74 2 127 1 r2a
74 3 128 1 r3a
74 4 129 1 r4a
75 0 130 1 r0b
75 1 131 1 r1b
75 2 132 1 r2b
75 3 133 1 r3b
75 4 134 1 r4b
76 0 135 1 r0a
76 1 136 1 r1a
76 2 137 1 r2a
76 3 138 1 r3a
76 4 139 1 r4a
77 0 130 1 r0b
77 1 131 1 r1b
77 2 132 1 r2b
77 3 133 1 r3b
77 4 134 1 r4b
78 0 140 1 r0a
78 1 141 1 r1a
78 2 142 1 r2a
78 3 143 1 r3a
78 4 144 1 r4a
79 0 130 1 r0b
79 1 131 1 r1b
79 2 132 1 r2b
79 3 133 1 r3b
79 4 134 1 r4b
80 0 4 1 r0a
80 1 5 1 r1a
80 2 6 1 r2a
80 3 7 1 r3a
80 4 8 1 r4a
81 0 145 1 r0b
81 1 146 1 r1b
81 2 147 1 r2b
81 3 148 1 r3b
81 4 149 1 r4b
82 0 120 1 r0a
82 1 121 1 r1a
82 2 122 1 r2a
82 3 123 1 r3a
82 4 124 1 r4a
83 0 145 1 r0b
83 1 146 1 r1b
83 2 147 1 r2b
83 3 148 1 r3b
83 4 149 1 r4b
84 0 125 1 r0a
84 1 126 1 r1a
84 2 127 1 r2a
84 3 128 1 r3a
84 4 129 1 r4a
85 0 150 1 r0b
85 1 151 1 r1b
85 2 152 1 r2b
85 3 153 1 r3b
85 4 154 1 r4b
86 0 135 1 r0a
86 1 136 1 r1a
86 2 137 1 r2a
86 3 138 1 r3a
86 4 139 1 r4a
87 0 150 1 r0b
87 1 151 1 r1b
87 2 152 1 r2b
87 3 153 1 r3b
87 4 154 1 r4b
88 0 140 1 r0a
88 1 141 1 r1a
88 2 142 1 r2a
88 3 143 1 r3a
88 4 144 1 r4a
89 0 150 1 r0b
89 1 151 1 r1b
89 2 152 1 r2b
89 3 153 1 r3b
89 4 154 1 r4b
90 0 4 1 r0a
90 1 5 1 r1a
90 2 6 1 r2a
90 3 7 1 r3a
90 4 8 1 r4a
91 0 155 1 r0b
91 1 156 1 r1b
91 2 157 1 r2b
91 3 158 1 r3b
91 4 159 1 r4b
92 0 120 1 r0a
92 1 121 1 r1a
92 2 122 1 r2a
92 3 123 1 r3a
92 4 124 1 r4a
93 0 155 1 r0b
93 1 156 1 r1b
93 2 157 1 r2b
93 3 158 1 r3b
93 4 159 1 r4b
94 0 125 1 r0a
94 1 126 1 r1a
94 2 127 1 r2a
94 3 128 1 r3a
94 4 129 1 r4a
95 0 160 1 r0b
95 1 161 1 r1b
95 2 162 1 r2b
95 3 163 1 r3b
95 4 164 1 r4b
96 0 135 1 r0a
96 1 136 1 r1a
96 2 137 1 r2a
96 3 138 1 r3a
96 4 139 1 r4a
97 0 160 1 r0b
97 1 161 1 r1b
97 2 162 1 r2b
97 3 163 1 r3b
97 4 164 1 r4b
98 0 140 1 r0a
98 1 141 1 r1a
98 2 142 1 r2a
98 3 143 1 r3a
98 4 144 1 r4a
99 0 160 1 r0b
99 1 161 1 r1b
99 2 162 1 r2b
99 3 163 1 r3b
99 4 164 1 r4b
100 0 165 1 r0a
100 1 166 1 r1a
100 2 167 1 r2a
100 3 168 1 r3a
100 4 169 1 r4a
101 0 170 1 r0b
101 1 171 1 r1b
101 2 172 1 r2b
101 3 173 1 r3b
101 4 174 1 r4b
102 0 175 1 r0a
102 1 176 1 r1a
102 2 177 1 r2a
102 3 178 1 r3a
102 4 179 1 r4a
103 0 170 1 r0b
103 1 171 1 r1b
103 2 172 1 r2b
103 3 173 1 r3b
103 4 174 1 r4b
104 0 180 1 r0a
104 1 181 1 r1a
104 2 182 1 r2a
104 3 183 1 r3a
104 4 184 1 r4a
105 0 185 1 r0b
105 1 186 1 r1b
105 2 187 1 r2b
105 3 188 1 r3b
105 4 189 1 r4b
106 0 190 1 r0a
106 1 191 1 r1a
106 2 192 1 r2a
106 3 193 1 r3a
106 4 194 1 r4a
107 0 185 1 r0b
107 1 186 1 r1b
107 2 187 1 r2b
107 3 188 1 r3b
107 4 189 1 r4b
108 0 195 1 r0a
108 1 196 1 r1a
108 2 197 1 r2a
108 3 198 1 r3a
108 4 199 1 r4a
109 0 185 1 r0b
109 1 186 1 r1b
109 2 187 1 r2b
109 3 188 1 r3b
109 4 189 1 r4b
110 0 165 1 r0a
110 1 166 1 r1a
110 2 167 1 r2a
110 3 168 1 r3a
110 4 169 1 r4a
111 0 200 1 r0b
111 1 201 1 r1b
111 2 202 1 r2b
111 3 203 1 r3b
111 4 204 1 r4b
112 0 175 1 r0a
112 1 176 1 r1a
112 2 177 1 r2a
112 3 178 1 r3a
112 4 179 1 r4a
113 0 200 1 r0b
113 1 201 1 r1b
113 2 202 1 r2b
113 3 203 1 r3b
113 4 204 1 r4b
114 0 180 1 r0a
114 1 181 1 r1a
114 2 182 1 r2a
114 3 183 1 r3a
114 4 184 1 r4a
115 0 205 1 r0b
115 1 206 1 r1b
115 2 207 1 r2b
115 3 208 1 r3b
115 4 209 1 r4b
116 0 190 1 r0a
116 1 191 1 r1a
116 2 192 1 r2a
116 3 193 1 r3a
116 4 194 1 r4a
117 0 205 1 r0b
117 1 206 1 r1b
117 2 207 1 r2b
117 3 208 1 r3b
117 4 209 1 r4b
118 0 195 1 r0a
118 1 196 1 r1a
118 2 197 1 r2a
118 3 198 1 r3a
118 4 199 1 r4a
119 0 205 1 r0b
119 1 206 1 r1b
119 2 207 1 r2b
119 3 208 1 r3b
119 4 209 1 r4b
120 0 210 1 tau
121 0 211 1 tau
122 0 212 1 tau
123 0 213 1 tau
124 0 214 1 tau
125 0 215 1 tau
126 0 216 1 tau
127 0 217 1 tau
128 0 218 1 tau
129 0 219 1 tau
130 0 220 1 tau
131 0 221 1 tau
132 0 222 1 tau
133 0 223 1 tau
134 0 224 1 tau
135 0 225 1 tau
136 0 226 1 tau
137 0 227 1 tau
138 0 228 1 tau
139 0 229 1 tau
140 0 230 1 tau
141 0 231 1 tau
142 0 232 1 tau
143 0 233 1 tau
144 0 234 1 tau
145 0 235 1 tau
146 0 236 1 tau
147 0 237 1 tau
148 0 238 1 tau
149 0 239 1 tau
150 0 240 1 tau
151 0 241 1 tau
152 0 242 1 tau
153 0 243 1 tau
154 0 244 1 tau
155 0 245 1 tau
156 0 246 1 tau
157 0 247 1 tau
158 0 248 1 tau
159 0 249 1 tau
160 0 250 1 tau
161 0 251 1 tau
162 0 252 1 tau
163 0 253 1 tau
164 0 254 1 tau
165 0 255 1 tau
166 0 256 1 tau
167 0 257 1 tau
168 0 258 1 tau
169 0 259 1 tau
170 0 260 1 tau
171 0 261 1 tau
172 0 262 1 tau
173 0 263 1 tau
174 0 264 1 tau
175 0 265 1 tau
176 0 266 1 tau
177 0 267 1 tau
178 0 268 1 tau
179 0 269 1 tau
180 0 270 1 tau
181 0 271 1 tau
182 0 272 1 tau
183 0 273 1 tau
184 0 274 1 tau
185 0 275 1 tau
186 0 276 1 tau
187 0 277 1 tau
188 0 278 1 tau
189 0 279 1 tau
190 0 280 1 tau
191 0 281 1 tau
192 0 282 1 tau
193 0 283 1 tau
194 0 284 1 tau
195 0 285 1 tau
196 0 286 1 tau
197 0 287 1 tau
198 0 288 1 tau
199 0 289 1 tau
200 0 290 1 tau
201 0 291 1 tau
202 0 292 1 tau
203 0 293 1 tau
204 0 294 1 tau
205 0 295 1 tau
206 0 296 1 tau
207 0 297 1 tau
208 0 298 1 tau
209 0 299 1 tau
210 0 0 1 r0b
210 1 24 1 r1b
210 2 25 1 r2b
210 3 26 1 r3b
210 4 27 1 r4b
211 0 28 1 r0b
211 1 29 1 r1b
211 2 30 1 r2b
211 3 31 1 r3b
211 4 32 1 r4b
212 0 33 1 r0b
212 1 34 1 r1b
212 2 35 1 r2b
212 3 36 1 r3b
212 4 37 1 r4b
213 0 38 1 r0b
213 1 39 1 r1b
213 2 40 1 r2b
213 3 41 1 r3b
213 4 42 1 r4b
214 0 43 1 r0b
214 1 44 1 r1b
214 2 45 1 r2b
214 3 46 1 r3b
214 4 47 1 r4b
215 0 300 1 r0b
215 1 301 1 r1b
215 2 302 1 r2b
215 3 303 1 r3b
215 4 304 1 r4b
216 0 305 1 r0b
216 1 306 1 r1b
216 2 307 1 r2b
216 3 308 1 r3b
216 4 309 1 r4b
217 0 310 1 r0b
217 1 311 1 r1b
217 2 312 1 r2b
217 3 313 1 r3b
217 4 314 1 r4b
218 0 315 1 r0b
218 1 316 1 r1b
218 2 317 1 r2b
218 3 318 1 r3b
218 4 319 1 r4b
219 0 320 1 r0b
219 1 321 1 r1b
219 2 322 1 r2b
219 3 323 1 r3b
219 4 324 1 r4b
220 0 300 1 r0a
220 1 305 1 r1a
220 2 310 1 r2a
220 3 315 1 r3a
220 4 320 1 r4a
221 0 301 1 r0a
221 1 306 1 r1a
221 2 311 1 r2a
221 3 316 1 r3a
221 4 321 1 r4a
222 0 302 1 r0a
222 1 307 1 r1a
222 2 312 1 r2a
222 3 317 1 r3a
222 4 322 1 r4a
223 0 303 1 r0a
223 1 308 1 r1a
223 2 313 1 r2a
223 3 318 1 r3a
223 4 323 1 r4a
224 0 304 1 r0a
224 1 309 1 r1a
224 2 314 1 r2a
224 3 319 1 r3a
224 4 324 1 r4a
225 0 300 1 r0b
225 1 301 1 r1b
225 2 302 1 r2b
225 3 303 1 r3b
225 4 304 1 r4b
226 0 305 1 r0b
226 1 306 1 r1b
226 2 307 1 r2b
226 3 308 1 r3b
226 4 309 1 r4b
227 0 310 1 r0b
227 1 311 1 r1b
227 2 312 1 r2b
227 3 313 1 r3b
227 4 314 1 r4b
228 0 315 1 r0b
228 1 316 1 r1b
228 2 317 1 r2b
228 3 318 1 r3b
228 4 319 1 r4b
229 0 320 1 r0b
229 1 321 1 r1b
229 2 322 1 r2b
229 3 323 1 r3b
229 4 324 1 r4b
230 0 300 1 r0b
230 1 301 1 r1b
230 2 302 1 r2b
230 3 303 1 r3b
230 4 304 1 r4b
231 0 305 1 r0b
231 1 306 1 r1b
231 2 307 1 r2b
231 3 308 1 r3b
231 4 309 1 r4b
232 0 310 1 r0b
232 1 311 1 r1b
232 2 312 1 r2b
232 3 313 1 r3b
232 4 314 1 r4b
233 0 315 1 r0b
233 1 316 1 r1b
233 2 317 1 r2b
233 3 318 1 r3b
233 4 319 1 r4b
234 0 320 1 r0b
234 1 321 1 r1b
234 2 322 1 r2b
234 3 323 1 r3b
234 4 324 1 r4b
235 0 0 1 r0a
235 1 28 1 r1a
235 2 33 1 r2a
235 3 38 1 r3a
235 4 43 1 r4a
236 0 24 1 r0a
236 1 29 1 r1a
236 2 34 1 r2a
236 3 39 1 r3a
236 4 44 1 r4a
237 0 25 1 r0a
237 1 30 1 r1a
237 2 35 1 r2a
237 3 40 1 r3a
237 4 45 1 r4a
238 0 26 1 r0a
238 1 31 1 r1a
238 2 36 1 r2a
238 3 41 1 r3a
238 4 46 1 r4a
239 0 27 1 r0a
239 1 32 1 r1a
239 2 37 1 r2a
239 3 42 1 r3a
239 4 47 1 r4a
240 0 300 1 r0a
240 1 305 1 r1a
240 2 310 1 r2a
240 3 315 1 r3a
240 4 320 1 r4a
241 0 301 1 r0a
241 1 306 1 r1a
241 2 311 1 r2a
241 3 316 1 r3a
241 4 321 1 r4a
242 0 302 1 r0a
242 1 307 1 r1a
242 2 312 1 r2a
242 3 317 1 r3a
242 4 322 1 r4a
243 0 303 1 r0a
243 1 308 1 r1a
243 2 313 1 r2a
243 3 318 1 r3a
243 4 323 1 r4a
244 0 304 1 r0a
244 1 309 1 r1a
244 2 314 1 r2a
244 3 319 1 r3a
244 4 324 1 r4a
245 0 0 1 r0a
245 1 28 1 r1a
245 2 33 1 r2a
245 3 38 1 r3a
245 4 43 1 r4a
246 0 24 1 r0a
246 1 29 1 r1a
246 2 34 1 r2a
246 3 39 1 r3a
246 4 44 1 r4a
247 0 25 1 r0a
247 1 30 1 r1a
247 2 35 1 r2a
247 3 40 1 r3a
247 4 45 1 r4a
248 0 26 1 r0a
248 1 31 1 r1a
248 2 36 1 r2a
248 3 41 1 r3a
248 4 46 1 r4a
249 0 27 1 r0a
249 1 32 1 r1a
249 2 37 1 r2a
249 3 42 1 r3a
249 4 47 1 r4a
250 0 300 1 r0a
250 1 305 1 r1a
250 2 310 1 r2a
250 3 315 1 r3a
250 4 320 1 r4a
251 0 301 1 r0a
251 1 306 1 r1a
251 2 311 1 r2a
251 3 316 1 r3a
251 4 321 1 r4a
252 0 302 1 r0a
252 1 307 1 r1a
252 2 312 1 r2a
252 3 317 1 r3a
252 4 322 1 r4a
253 0 303 1 r0a
253 1 308 1 r1a
253 2 313 1 r2a
253 3 318 1 r3a
253 4 323 1 r4a
254 0 304 1 r0a
254 1 309 1 r1a
254 2 314 1 r2a
254 3 319 1 r3a
254 4 324 1 r4a
255 0 325 1 r0b
255 1 326 1 r1b
255 2 327 1 r2b
255 3 328 1 r3b
255 4 329 1 r4b
256 0 330 1 r0b
256 1 331 1 r1b
256 2 332 1 r2b
256 3 333 1 r3b
256 4 334 1 r4b
257 0 335 1 r0b
257 1 336 1 r1b
257 2 337 1 r2b
257 3 338 1 r3b
257 4 339 1 r4b
258 0 340 1 r0b
258 1 341 1 r1b
258 2 342 1 r2b
258 3 343 1 r3b
258 4 344 1 r4b
259 0 345 1 r0b
259 1 346 1 r1b
259 2 347 1 r2b
259 3 348 1 r3b
259 4 349 1 r4b
260 0 325 1 r0a
260 1 330 1 r1a
260 2 335 1 r2a
260 3 340 1 r3a
260 4 345 1 r4a
261 0 326 1 r0a
261 1 331 1 r1a
261 2 336 1 r2a
261 3 341 1 r3a
261 4 346 1 r4a
262 0 327 1 r0a
262 1 332 1 r1a
262 2 337 1 r2a
262 3 342 1 r3a
262 4 347 1 r4a
263 0 328 1 r0a
263 1 333 1 r1a
263 2 338 1 r2a
263 3 343 1 r3a
263 4 348 1 r4a
264 0 329 1 r0a
264 1 334 1 r1a
264 2 339 1 r2a
264 3 344 1 r3a
264 4 349 1 r4a
265 0 325 1 r0b
265 1 326 1 r1b
265 2 327 1 r2b
265 3 328 1 r3b
265 4 329 1 r4b
266 0 330 1 r0b
266 1 331 1 r1b
266 2 332 1 r2b
266 3 333 1 r3b
266 4 334 1 r4b
267 0 335 1 r0b
267 1 336 1 r1b
267 2 337 1 r2b
267 3 338 1 r3b
267 4 339 1 r4b
268 0 340 1 r0b
268 1 341 1 r1b
268 2 342 1 r2b
268 3 343 1 r3b
268 4 344 1 r4b
269 0 345 1 r0b
269 1 346 1 r1b
269 2 347 1 r2b
269 3 348 1 r3b
269 4 349 1 r4b
270 0 350 1 r0b
270 1 351 1 r1b
270 2 352 1 r2b
270 3 353 1 r3b
270 4 354 1 r4b
271 0 355 1 r0b
271 1 356 1 r1b
271 2 357 1 r2b
271 3 358 1 r3b
271 4 359 1 r4b
272 0 360 1 r0b
272 1 361 1 r1b
272 2 362 1 r2b
272 3 363 1 r3b
272 4 364 1 r4b
273 0 365 1 r0b
273 1 366 1 r1b
273 2 367 1 r2b
273 3 368 1 r3b
273 4 369 1 r4b
274 0 370 1 r0b
274 1 371 1 r1b
274 2 372 1 r2b
274 3 373 1 r3b
274 4 374 1 r4b
275 0 350 1 r0a
275 1 355 1 r1a
275 2 360 1 r2a
275 3 365 1 r3a
275 4 370 1 r4a
276 0 351 1 r0a
276 1 356 1 r1a
276 2 361 1 r2a
276 3 366 1 r3a
276 4 371 1 r4a
277 0 352 1 r0a
277 1 357 1 r1a
277 2 362 1 r2a
277 3 367 1 r3a
277 4 372 1 r4a
278 0 353 1 r0a
278 1 358 1 r1a
278 2 363 1 r2a
278 3 368 1 r3a
278 4 373 1 r4a
279 0 354 1 r0a
279 1 359 1 r1a
279 2 364 1 r2a
279 3 369 1 r3a
279 4 374 1 r4a
280 0 350 1 r0b
280 1 351 1 r1b
280 2 352 1 r2b
280 3 353 1 r3b
280 4 354 1 r4b
281 0 355 1 r0b
281 1 356 1 r1b
281 2 357 1 r2b
281 3 358 1 r3b
281 4 359 1 r4b
282 0 360 1 r0b
282 1 361 1 r1b
282 2 362 1 r2b
282 3 363 1 r3b
282 4 364 1 r4b
283 0 365 1 r0b
283 1 366 1 r1b
283 2 367 1 r2b
283 3 368 1 r3b
283 4 369 1 r4b
284 0 370 1 r0b
284 1 371 1 r1b
284 2 372 1 r2b
284 3 373 1 r3b
284 4 374 1 r4b
285 0 350 1 r0b
285 1 351 1 r1b
285 2 352 1 r2b
285 3 353 1 r3b
285 4 354 1 r4b
286 0 355 1 r0b
286 1 356 1 r1b
286 2 357 1 r2b
286 3 358 1 r3b
286 4 359 1 r4b
287 0 360 1 r0b
287 1 361 1 r1b
287 2 362 1 r2b
287 3 363 1 r3b
287 4 364 1 r4b
288 0 365 1 r0b
288 1 366 1 r1b
288 2 367 1 r2b
288 3 368 1 r3b
288 4 369 1 r4b
289 0 370 1 r0b
289 1 371 1 r1b
289 2 372 1 r2b
289 3 373 1 r3b
289 4 374 1 r4b
290 0 325 1 r0a
290 1 330 1 r1a
290 2 335 1 r2a
290 3 340 1 r3a
290 4 345 1 r4a
291 0 326 1 r0a
291 1 331 1 r1a
291 2 336 1 r2a
291 3 341 1 r3a
291 4 346 1 r4a
292 0 327 1 r0a
292 1 332 1 r1a
292 2 337 1 r2a
292 3 342 1 r3a
292 4 347 1 r4a
293 0 328 1 r0a
293 1 333 1 r1a
293 2 338 1 r2a
293 3 343 1 r3a
293 4 348 1 r4a
294 0 329 1 r0a
294 1 334 1 r1a
294 2 339 1 r2a
294 3 344 1 r3a
294 4 349 1 r4a
295 0 350 1 r0a
295 1 355 1 r1a
295 2 360 1 r2a
295 3 365 1 r3a
295 4 370 1 r4a
296 0 351 1 r0a
296 1 356 1 r1a
296 2 361 1 r2a
296 3 366 1 r3a
296 4 371 1 r4a
297 0 352 1 r0a
297 1 357 1 r1a
297 2 362 1 r2a
297 3 367 1 r3a
297 4 372 1 r4a
298 0 353 1 r0a
298 1 358 1 r1a
298 2 363 1 r2a
298 3 368 1 r3a
298 4 373 1 r4a
299 0 354 1 r0a
299 1 359 1 r1a
299 2 364 1 r2a
299 3 369 1 r3a
299 4 374 1 r4a
300 0 375 1 st1
301 0 376 1 st1
302 0 377 1 st1
303 0 378 1 st1
304 0 379 1 st1
305 0 380 1 st1
306 0 381 1 st1
307 0 382 1 st1
308 0 383 1 st1
309 0 384 1 st1
310 0 385 1 st1
311 0 386 1 st1
312 0 387 1 st1
313 0 388 1 st1
314 0 389 1 st1
315 0 390 1 st1
316 0 391 1 st1
317 0 392 1 st1
318 0 393 1 st1
319 0 394 1 st1
320 0 395 1 st1
321 0 396 1 st1
322 0 397 1 st1
323 0 398 1 st1
324 0 399 1 st1
325 0 400 1 st1
326 0 401 1 st1
327 0 402 1 st1
328 0 403 1 st1
329 0 404 1 st1
330 0 405 1 st1
331 0 406 1 st1
332 0 407 1 st1
333 0 408 1 st1
334 0 409 1 st1
335 0 410 1 st1
336 0 411 1 st1
337 0 412 1 st1
338 0 413 1 st1
339 0 414 1 st1
340 0 415 1 st1
341 0 416 1 st1
342 0 417 1 st1
343 0 418 1 st1
344 0 419 1 st1
345 0 420 1 st1
346 0 421 1 st1
347 0 422 1 st1
348 0 423 1 st1
349 0 424 1 st1
350 0 425 1 st1
351 0 426 1 st1
352 0 427 1 st1
353 0 428 1 st1
354 0 429 1 st1
355 0 430 1 st1
356 0 431 1 st1
357 0 432 1 st1
358 0 433 1 st1
359 0 434 1 st1
360 0 435 1 st1
361 0 436 1 st1
362 0 437 1 st1
363 0 438 1 st1
364 0 439 1 st1
365 0 440 1 st1
366 0 441 1 st1
367 0 442 1 st1
368 0 443 1 st1
369 0 444 1 st1
370 0 445 1 st1
371 0 446 1 st1
372 0 447 1 st1
373 0 448 1 st1
374 0 449 1 st1
375 0 450 1 tau
375 1 451 1 tau
375 2 375 1 st2
376 0 452 1 tau
376 1 453 1 tau
376 2 376 1 st2
377 0 454 1 tau
377 1 455 1 tau
377 2 377 1 st2
378 0 456 1 tau
378 1 457 1 tau
378 2 378 1 st2
379 0 458 1 tau
379 1 459 1 tau
379 2 379 1 st2
380 0 460 1 tau
380 1 461 1 tau
380 2 380 1 st2
381 0 462 1 tau
381 1 463 1 tau
381 2 381 1 st2
382 0 464 1 tau
382 1 465 1 tau
382 2 382 1 st2
383 0 466 1 tau
383 1 467 1 tau
383 2 383 1 st2
384 0 468 1 tau
384 1 469 1 tau
384 2 384 1 st2
385 0 470 1 tau
385 1 471 1 tau
385 2 385 1 st2
386 0 472 1 tau
386 1 473 1 tau
386 2 386 1 st2
387 0 474 1 tau
387 1 475 1 tau
387 2 387 1 st2
388 0 476 1 tau
388 1 477 1 tau
388 2 388 1 st2
389 0 478 1 tau
389 1 479 1 tau
389 2 389 1 st2
390 0 480 1 tau
390 1 481 1 tau
390 2 390 1 st2
391 0 482 1 tau
391 1 483 1 tau
391 2 391 1 st2
392 0 484 1 tau
392 1 485 1 tau
392 2 392 1 st2
393 0 486 1 tau
393 1 487 1 tau
393 2 393 1 st2
394 0 488 1 tau
394 1 489 1 tau
394 2 394 1 st2
395 0 490 1 tau
395 1 491 1 tau
395 2 395 1 st2
396 0 492 1 tau
396 1 493 1 tau
396 2 396 1 st2
397 0 494 1 tau
397 1 495 1 tau
397 2 397 1 st2
398 0 496 1 tau
398 1 497 1 tau
398 2 398 1 st2
399 0 498 1 tau
399 1 499 1 tau
399 2 399 1 st2
400 0 500 1 tau
400 1 501 1 tau
400 2 400 1 st2
401 0 502 1 tau
401 1 503 1 tau
401 2 401 1 st2
402 0 504 1 tau
402 1 505 1 tau
402 2 402 1 st2
403 0 506 1 tau
403 1 507 1 tau
403 2 403 1 st2
404 0 508 1 tau
404 1 509 1 tau
404 2 404 1 st2
405 0 510 1 tau
405 1 511 1 tau
405 2 405 1 st2
406 0 512 1 tau
406 1 513 1 tau
406 2 406 1 st2
407 0 514 1 tau
407 1 515 1 tau
407 2 407 1 st2
408 0 516 1 tau
408 1 517 1 tau
408 2 408 1 st2
409 0 518 1 tau
409 1 519 1 tau
409 2 409 1 st2
410 0 520 1 tau
410 1 521 1 tau
410 2 410 1 st2
411 0 522 1 tau
411 1 523 1 tau
411 2 411 1 st2
412 0 524 1 tau
412 1 525 1 tau
412 2 412 1 st2
413 0 526 1 tau
413 1 527 1 tau
413 2 413 1 st2
414 0 528 1 tau
414 1 529 1 tau
414 2 414 1 st2
415 0 530 1 tau
415 1 531 1 tau
415 2 415 1 st2
416 0 532 1 tau
416 1 533 1 tau
416 2 416 1 st2
417 0 534 1 tau
417 1 535 1 tau
417 2 417 1 st2
418 0 536 1 tau
418 1 537 1 tau
418 2 418 1 st2
419 0 538 1 tau
419 1 539 1 tau
419 2 419 1 st2
420 0 540 1 tau
420 1 541 1 tau
420 2 420 1 st2
421 0 542 1 tau
421 1 543 1 tau
421 2 421 1 st2
422 0 544 1 tau
422 1 545 1 tau
422 2 422 1 st2
423 0 546 1 tau
423 1 547 1 tau
423 2 423 1 st2
424 0 548 1 tau
424 1 549 1 tau
424 2 424 1 st2
425 0 550 1 tau
425 1 551 1 tau
425 2 425 1 st2
426 0 552 1 tau
426 1 553 1 tau
426 2 426 1 st2
427 0 554 1 tau
427 1 555 1 tau
427 2 427 1 st2
428 0 556 1 tau
428 1 557 1 tau
428 2 428 1 st2
429 0 558 1 tau
429 1 559 1 tau
429 2 429 1 st2
430 0 560 1 tau
430 1 561 1 tau
430 2 430 1 st2
431 0 562 1 tau
431 1 563 1 tau
431 2 431 1 st2
432 0 564 1 tau
432 1 565 1 tau
432 2 432 1 st2
433 0 566 1 tau
433 1 567 1 tau
433 2 433 1 st2
434 0 568 1 tau
434 1 569 1 tau
434 2 434 1 st2
435 0 570 1 tau
435 1 571 1 tau
435 2 435 1 st2
436 0 572 1 tau
436 1 573 1 tau
436 2 436 1 st2
437 0 574 1 tau
437 1 575 1 tau
437 2 437 1 st2
438 0 576 1 tau
438 1 577 1 tau
438 2 438 1 st2
439 0 578 1 tau
439 1 579 1 tau
439 2 439 1 st2
440 0 580 1 tau
440 1 581 1 tau
440 2 440 1 st2
441 0 582 1 tau
441 1 583 1 tau
441 2 441 1 st2
442 0 584 1 tau
442 1 585 1 tau
442 2 442 1 st2
443 0 586 1 tau
443 1 587 1 tau
443 2 443 1 st2
444 0 588 1 tau
444 1 589 1 tau
444 2 444 1 st2
445 0 590 1 tau
445 1 591 1 tau
445 2 445 1 st2
446 0 592 1 tau
446 1 593 1 tau
446 2 446 1 st2
447 0 594 1 tau
447 1 595 1 tau
447 2 447 1 st2
448 0 596 1 tau
448 1 597 1 tau
448 2 448 1 st2
449 0 598 1 tau
449 1 599 1 tau
449 2 449 1 st2
450 0 600 1 r0a
450 1 601 1 r1a
450 2 602 1 r2a
450 3 603 1 r3a
450 4 604 1 r4a
451 0 9 1 r0b
451 1 10 1 r1b
451 2 11 1 r2b
451 3 12 1 r3b
451 4 13 1 r4b
451 5 375 1 endb
452 0 605 1 r0a
452 1 606 1 r1a
452 2 607 1 r2a
452 3 608 1 r3a
452 4 609 1 r4a
453 0 9 1 r0b
453 1 10 1 r1b
453 2 11 1 r2b
453 3 12 1 r3b
453 4 13 1 r4b
453 5 376 1 endb
454 0 610 1 r0a
454 1 611 1 r1a
454 2 612 1 r2a
454 3 613 1 r3a
454 4 614 1 r4a
455 0 130 1 r0b
455 1 131 1 r1b
455 2 132 1 r2b
455 3 133 1 r3b
455 4 134 1 r4b
455 5 377 1 endb
456 0 615 1 r0a
456 1 616 1 r1a
456 2 617 1 r2a
456 3 618 1 r3a
456 4 619 1 r4a
457 0 130 1 r0b
457 1 131 1 r1b
457 2 132 1 r2b
457 3 133 1 r3b
457 4 134 1 r4b
457 5 378 1 endb
458 0 620 1 r0a
458 1 621 1 r1a
458 2 622 1 r2a
458 3 623 1 r3a
458 4 624 1 r4a
459 0 130 1 r0b
459 1 131 1 r1b
459 2 132 1 r2b
459 3 133 1 r3b
459 4 134 1 r4b
459 5 379 1 endb
460 0 600 1 r0a
460 1 601 1 r1a
460 2 602 1 r2a
460 3 603 1 r3a
460 4 604 1 r4a
461 0 145 1 r0b
461 1 146 1 r1b
461 2 147 1 r2b
461 3 148 1 r3b
461 4 149 1 r4b
461 5 380 1 endb
462 0 605 1 r0a
462 1 606 1 r1a
462 2 607 1 r2a
462 3 608 1 r3a
462 4 609 1 r4a
463 0 145 1 r0b
463 1 146 1 r1b
463 2 147 1 r2b
463 3 148 1 r3b
463 4 149 1 r4b
463 5 381 1 endb
464 0 610 1 r0a
464 1 611 1 r1a
464 2 612 1 r2a
464 3 613 1 r3a
464 4 614 1 r4a
465 0 150 1 r0b
465 1 151 1 r1b
465 2 152 1 r2b
465 3 153 1 r3b
465 4 154 1 r4b
465 5 382 1 endb
466 0 615 1 r0a
466 1 616 1 r1a
466 2 617 1 r2a
466 3 618 1 r3a
466 4 619 1 r4a
467 0 150 1 r0b
467 1 151 1 r1b
467 2 152 1 r2b
467 3 153 1 r3b
467 4 154 1 r4b
467 5 383 1 endb
468 0 620 1 r0a
468 1 621 1 r1a
468 2 622 1 r2a
468 3 623 1 r3a
468 4 624 1 r4a
469 0 150 1 r0b
469 1 151 1 r1b
469 2 152 1 r2b
469 3 153 1 r3b
469 4 154 1 r4b
469 5 384 1 endb
470 0 600 1 r0a
470 1 601 1 r1a
470 2 602 1 r2a
470 3 603 1 r3a
470 4 604 1 r4a
471 0 155 1 r0b
471 1 156 1 r1b
471 2 157 1 r2b
471 3 158 1 r3b
471 4 159 1 r4b
471 5 385 1 endb
472 0 605 1 r0a
472 1 606 1 r1a
472 2 607 1 r2a
472 3 608 1 r3a
472 4 609 1 r4a
473 0 155 1 r0b
473 1 156 1 r1b
473 2 157 1 r2b
473 3 158 1 r3b
473 4 159 1 r4b
473 5 386 1 endb
474 0 610 1 r0a
474 1 611 1 r1a
474 2 612 1 r2a
474 3 613 1 r3a
474 4 614 1 r4a
475 0 160 1 r0b
475 1 161 1 r1b
475 2 162 1 r2b
475 3 163 1 r3b
475 4 164 1 r4b
475 5 387 1 endb
476 0 615 1 r0a
476 1 616 1 r1a
476 2 617 1 r2a
476 3 618 1 r3a
476 4 619 1 r4a
477 0 160 1 r0b
477 1 161 1 r1b
477 2 162 1 r2b
477 3 163 1 r3b
477 4 164 1 r4b
477 5 388 1 endb
478 0 620 1 r0a
478 1 621 1 r1a
478 2 622 1 r2a
478 3 623 1 r3a
478 4 624 1 r4a
479 0 160 1 r0b
479 1 161 1 r1b
479 2 162 1 r2b
479 3 163 1 r3b
479 4 164 1 r4b
479 5 389 1 endb
480 0 625 1 r0a
480 1 626 1 r1a
480 2 627 1 r2a
480 3 628 1 r3a
480 4 629 1 r4a
481 0 170 1 r0b
481 1 171 1 r1b
481 2 172 1 r2b
481 3 173 1 r3b
481 4 174 1 r4b
481 5 390 1 endb
482 0 630 1 r0a
482 1 631 1 r1a
482 2 632 1 r2a
482 3 633 1 r3a
482 4 634 1 r4a
483 0 170 1 r0b
483 1 171 1 r1b
483 2 172 1 r2b
483 3 173 1 r3b
483 4 174 1 r4b
483 5 391 1 endb
484 0 635 1 r0a
484 1 636 1 r1a
484 2 637 1 r2a
484 3 638 1 r3a
484 4 639 1 r4a
485 0 185 1 r0b
485 1 186 1 r1b
485 2 187 1 r2b
485 3 188 1 r3b
485 4 189 1 r4b
485 5 392 1 endb
486 0 640 1 r0a
486 1 641 1 r1a
486 2 642 1 r2a
486 3 643 1 r3a
486 4 644 1 r4a
487 0 185 1 r0b
487 1 186 1 r1b
487 2 187 1 r2b
487 3 188 1 r3b
487 4 189 1 r4b
487 5 393 1 endb
488 0 645 1 r0a
488 1 646 1 r1a
488 2 647 1 r2a
488 3 648 1 r3a
488 4 649 1 r4a
489 0 185 1 r0b
489 1 186 1 r1b
489 2 187 1 r2b
489 3 188 1 r3b
489 4 189 1 r4b
489 5 394 1 endb
490 0 625 1 r0a
490 1 626 1 r1a
490 2 627 1 r2a
490 3 628 1 r3a
490 4 629 1 r4a
491 0 200 1 r0b
491 1 201 1 r1b
491 2 202 1 r2b
491 3 203 1 r3b
491 4 204 1 r4b
491 5 395 1 endb
492 0 630 1 r0a
492 1 631 1 r1a
492 2 632 1 r2a
492 3 633 1 r3a
492 4 634 1 r4a
493 0 200 1 r0b
493 1 201 1 r1b
493 2 202 1 r2b
493 3 203 1 r3b
493 4 204 1 r4b
493 5 396 1 endb
494 0 635 1 r0a
494 1 636 1 r1a
494 2 637 1 r2a
494 3 638 1 r3a
494 4 639 1 r4a
495 0 205 1 r0b
495 1 206 1 r1b
495 2 207 1 r2b
495 3 208 1 r3b
495 4 209 1 r4b
495 5 397 1 endb
496 0 640 1 r0a
496 1 641 1 r1a
496 2 642 1 r2a
496 3 643 1 r3a
496 4 644 1 r4a
497 0 205 1 r0b
497 1 206 1 r1b
497 2 207 1 r2b
497 3 208 1 r3b
497 4 209 1 r4b
497 5 398 1 endb
498 0 645 1 r0a
498 1 646 1 r1a
498 2 647 1 r2a
498 3 648 1 r3a
498 4 649 1 r4a
499 0 205 1 r0b
499 1 206 1 r1b
499 2 207 1 r2b
499 3 208 1 r3b
499 4 209 1 r4b
499 5 399 1 endb
500 0 4 1 r0a
500 1 5 1 r1a
500 2 6 1 r2a
500 3 7 1 r3a
500 4 8 1 r4a
500 5 400 1 enda
501 0 650 1 r0b
501 1 651 1 r1b
501 2 652 1 r2b
501 3 653 1 r3b
501 4 654 1 r4b
502 0 120 1 r0a
502 1 121 1 r1a
502 2 122 1 r2a
502 3 123 1 r3a
502 4 124 1 r4a
502 5 401 1 enda
503 0 650 1 r0b
503 1 651 1 r1b
503 2 652 1 r2b
503 3 653 1 r3b
503 4 654 1 r4b
504 0 125 1 r0a
504 1 126 1 r1a
504 2 127 1 r2a
504 3 128 1 r3a
504 4 129 1 r4a
504 5 402 1 enda
505 0 655 1 r0b
505 1 656 1 r1b
505 2 657 1 r2b
505 3 658 1 r3b
505 4 659 1 r4b
506 0 135 1 r0a
506 1 136 1 r1a
506 2 137 1 r2a
506 3 138 1 r3a
506 4 139 1 r4a
506 5 403 1 enda
507 0 655 1 r0b
507 1 656 1 r1b
507 2 657 1 r2b
507 3 658 1 r3b
507 4 659 1 r4b
508 0 140 1 r0a
508 1 141 1 r1a
508 2 142 1 r2a
508 3 143 1 r3a
508 4 144 1 r4a
508 5 404 1 enda
509 0 655 1 r0b
509 1 656 1 r1b
509 2 657 1 r2b
509 3 658 1 r3b
509 4 659 1 r4b
510 0 4 1 r0a
510 1 5 1 r1a
510 2 6 1 r2a
510 3 7 1 r3a
510 4 8 1 r4a
510 5 405 1 enda
511 0 660 1 r0b
511 1 661 1 r1b
511 2 662 1 r2b
511 3 663 1 r3b
511 4 664 1 r4b
512 0 120 1 r0a
512 1 121 1 r1a
512 2 122 1 r2a
512 3 123 1 r3a
512 4 124 1 r4a
512 5 406 1 enda
513 0 660 1 r0b
513 1 661 1 r1b
513 2 662 1 r2b
513 3 663 1 r3b
513 4 664 1 r4b
514 0 125 1 r0a
514 1 126 1 r1a
514 2 127 1 r2a
514 3 128 1 r3a
514 4 129 1 r4a
514 5 407 1 enda
515 0 665 1 r0b
515 1 666 1 r1b
515 2 667 1 r2b
515 3 668 1 r3b
515 4 669 1 r4b
516 0 135 1 r0a
516 1 136 1 r1a
516 2 137 1 r2a
516 3 138 1 r3a
516 4 139 1 r4a
516 5 408 1 enda
517 0 665 1 r0b
517 1 666 1 r1b
517 2 667 1 r2b
517 3 668 1 r3b
517 4 669 1 r4b
518 0 140 1 r0a
518 1 141 1 r1a
518 2 142 1 r2a
518 3 143 1 r3a
518 4 144 1 r4a
518 5 409 1 enda
519 0 665 1 r0b
519 1 666 1 r1b
519 2 667 1 r2b
519 3 668 1 r3b
519 4 669 1 r4b
520 0 4 1 r0a
520 1 5 1 r1a
520 2 6 1 r2a
520 3 7 1 r3a
520 4 8 1 r4a
520 5 410 1 enda
521 0 670 1 r0b
521 1 671 1 r1b
521 2 672 1 r2b
521 3 673 1 r3b
521 4 674 1 r4b
522 0 120 1 r0a
522 1 121 1 r1a
522 2 122 1 r2a
522 3 123 1 r3a
522 4 124 1 r4a
522 5 411 1 enda
523 0 670 1 r0b
523 1 671 1 r1b
523 2 672 1 r2b
523 3 673 1 r3b
523 4 674 1 r4b
524 0 125 1 r0a
524 1 126 1 r1a
524 2 127 1 r2a
524 3 128 1 r3a
524 4 129 1 r4a
524 5 412 1 enda
525 0 675 1 r0b
525 1 676 1 r1b
525 2 677 1 r2b
525 3 678 1 r3b
525 4 679 1 r4b
526 0 135 1 r0a
526 1 136 1 r1a
526 2 137 1 r2a
526 3 138 1 r3a
526 4 139 1 r4a
526 5 413 1 enda
527 0 675 1 r0b
527 1 676 1 r1b
527 2 677 1 r2b
527 3 678 1 r3b
527 4 679 1 r4b
528 0 140 1 r0a
528 1 141 1 r1a
528 2 142 1 r2a
528 3 143 1 r3a
528 4 144 1 r4a
528 5 414 1 enda
529 0 675 1 r0b
529 1 676 1 r1b
529 2 677 1 r2b
529 3 678 1 r3b
529 4 679 1 r4b
530 0 165 1 r0a
530 1 166 1 r1a
530 2 167 1 r2a
530 3 168 1 r3a
530 4 169 1 r4a
530 5 415 1 enda
531 0 680 1 r0b
531 1 681 1 r1b
531 2 682 1 r2b
531 3 683 1 r3b
531 4 684 1 r4b
532 0 175 1 r0a
532 1 176 1 r1a
532 2 177 1 r2a
532 3 178 1 r3a
532 4 179 1 r4a
532 5 416 1 enda
533 0 680 1 r0b
533 1 681 1 r1b
533 2 682 1 r2b
533 3 683 1 r3b
533 4 684 1 r4b
534 0 180 1 r0a
534 1 181 1 r1a
534 2 182 1 r2a
534 3 183 1 r3a
534 4 184 1 r4a
534 5 417 1 enda
535 0 685 1 r0b
535 1 686 1 r1b
535 2 687 1 r2b
535 3 688 1 r3b
535 4 689 1 r4b
536 0 190 1 r0a
536 1 191 1 r1a
536 2 192 1 r2a
536 3 193 1 r3a
536 4 194 1 r4a
536 5 418 1 enda
537 0 685 1 r0b
537 1 686 1 r1b
537 2 687 1 r2b
537 3 688 1 r3b
537 4 689 1 r4b
538 0 195 1 r0a
538 1 196 1 r1a
538 2 197 1 r2a
538 3 198 1 r3a
538 4 199 1 r4a
538 5 419 1 enda
539 0 685 1 r0b
539 1 686 1 r1b
539 2 687 1 r2b
539 3 688 1 r3b
539 4 689 1 r4b
540 0 165 1 r0a
540 1 166 1 r1a
540 2 167 1 r2a
540 3 168 1 r3a
540 4 169 1 r4a
540 5 420 1 enda
541 0 690 1 r0b
541 1 691 1 r1b
541 2 692 1 r2b
541 3 693 1 r3b
541 4 694 1 r4b
542 0 175 1 r0a
542 1 176 1 r1a
542 2 177 1 r2a
542 3 178 1 r3a
542 4 179 1 r4a
542 5 421 1 enda
543 0 690 1 r0b
543 1 691 1 r1b
543 2 692 1 r2b
543 3 693 1 r3b
543 4 694 1 r4b
544 0 180 1 r0a
544 1 181 1 r1a
544 2 182 1 r2a
544 3 183 1 r3a
544 4 184 1 r4a
544 5 422 1 enda
545 0 695 1 r0b
545 1 696 1 r1b
545 2 697 1 r2b
545 3 698 1 r3b
545 4 699 1 r4b
546 0 190 1 r0a
546 1 191 1 r1a
546 2 192 1 r2a
546 3 193 1 r3a
546 4 194 1 r4a
546 5 423 1 enda
547 0 695 1 r0b
547 1 696 1 r1b
547 2 697 1 r2b
547 3 698 1 r3b
547 4 699 1 r4b
548 0 195 1 r0a
548 1 196 1 r1a
548 2 197 1 r2a
548 3 198 1 r3a
548 4 199 1 r4a
548 5 424 1 enda
549 0 695 1 r0b
549 1 696 1 r1b
549 2 697 1 r2b
549 3 698 1 r3b
549 4 699 1 r4b
550 0 600 1 r0a
550 1 601 1 r1a
550 2 602 1 r2a
550 3 603 1 r3a
550 4 604 1 r4a
550 5 425 1 enda
551 0 650 1 r0b
551 1 651 1 r1b
551 2 652 1 r2b
551 3 653 1 r3b
551 4 654 1 r4b
551 5 425 1 endb
552 0 605 1 r0a
552 1 606 1 r1a
552 2 607 1 r2a
552 3 608 1 r3a
552 4 609 1 r4a
552 5 426 1 enda
553 0 650 1 r0b
553 1 651 1 r1b
553 2 652 1 r2b
553 3 653 1 r3b
553 4 654 1 r4b
553 5 426 1 endb
554 0 610 1 r0a
554 1 611 1 r1a
554 2 612 1 r2a
554 3 613 1 r3a
554 4 614 1 r4a
554 5 427 1 enda
555 0 655 1 r0b
555 1 656 1 r1b
555 2 657 1 r2b
555 3 658 1 r3b
555 4 659 1 r4b
555 5 427 1 endb
556 0 615 1 r0a
556 1 616 1 r1a
556 2 617 1 r2a
556 3 618 1 r3a
556 4 619 1 r4a
556 5 428 1 enda
557 0 655 1 r0b
557 1 656 1 r1b
557 2 657 1 r2b
557 3 658 1 r3b
557 4 659 1 r4b
557 5 428 1 endb
558 0 620 1 r0a
558 1 621 1 r1a
558 2 622 1 r2a
558 3 623 1 r3a
558 4 624 1 r4a
558 5 429 1 enda
559 0 655 1 r0b
559 1 656 1 r1b
559 2 657 1 r2b
559 3 658 1 r3b
559 4 659 1 r4b
559 5 429 1 endb
560 0 600 1 r0a
560 1 601 1 r1a
560 2 602 1 r2a
560 3 603 1 r3a
560 4 604 1 r4a
560 5 430 1 enda
561 0 660 1 r0b
561 1 661 1 r1b
561 2 662 1 r2b
561 3 663 1 r3b
561 4 664 1 r4b
561 5 430 1 endb
562 0 605 1 r0a
562 1 606 1 r1a
562 2 607 1 r2a
562 3 608 1 r3a
562 4 609 1 r4a
562 5 431 1 enda
563 0 660 1 r0b
563 1 661 1 r1b
563 2 662 1 r2b
563 3 663 1 r3b
563 4 664 1 r4b
563 5 431 1 endb
564 0 610 1 r0a
564 1 611 1 r1a
564 2 612 1 r2a
564 3 613 1 r3a
564 4 614 1 r4a
564 5 432 1 enda
565 0 665 1 r0b
565 1 666 1 r1b
565 2 667 1 r2b
565 3 668 1 r3b
565 4 669 1 r4b
565 5 432 1 endb
566 0 615 1 r0a
566 1 616 1 r1a
566 2 617 1 r2a
566 3 618 1 r3a
566 4 619 1 r4a
566 5 433 1 enda
567 0 665 1 r0b
567 1 666 1 r1b
567 2 667 1 r2b
567 3 668 1 r3b
567 4 669 1 r4b
567 5 433 1 endb
568 0 620 1 r0a
568 1 621 1 r1a
568 2 622 1 r2a
568 3 623 1 r3a
568 4 624 1 r4a
568 5 434 1 enda
569 0 665 1 r0b
569 1 666 1 r1b
569 2 667 1 r2b
569 3 668 1 r3b
569 4 669 1 r4b
569 5 434 1 endb
570 0 600 1 r0a
570 1 601 1 r1a
570 2 602 1 r2a
570 3 603 1 r3a
570 4 604 1 r4a
570 5 435 1 enda
571 0 670 1 r0b
571 1 671 1 r1b
571 2 672 1 r2b
571 3 673 1 r3b
571 4 674 1 r4b
571 5 435 1 endb
572 0 605 1 r0a
572 1 606 1 r1a
572 2 607 1 r2a
572 3 608 1 r3a
572 4 609 1 r4a
572 5 436 1 enda
573 0 670 1 r0b
573 1 671 1 r1b
573 2 672 1 r2b
573 3 673 1 r3b
573 4 674 1 r4b
573 5 436 1 endb
574 0 610 1 r0a
574 1 611 1 r1a
574 2 612 1 r2a
574 3 613 1 r3a
574 4 614 1 r4a
574 5 437 1 enda
575 0 675 1 r0b
575 1 676 1 r1b
575 2 677 1 r2b
575 3 678 1 r3b
575 4 679 1 r4b
575 5 437 1 endb
576 0 615 1 r0a
576 1 616 1 r1a
576 2 617 1 r2a
576 3 618 1 r3a
576 4 619 1 r4a
576 5 438 1 enda
577 0 675 1 r0b
577 1 676 1 r1b
577 2 677 1 r2b
577 3 678 1 r3b
577 4 679 1 r4b
577 5 438 1 endb
578 0 620 1 r0a
578 1 621 1 r1a
578 2 622 1 r2a
578 3 623 1 r3a
578 4 624 1 r4a
578 5 439 1 enda
579 0 675 1 r0b
579 1 676 1 r1b
579 2 677 1 r2b
579 3 678 1 r3b
579 4 679 1 r4b
579 5 439 1 endb
580 0 625 1 r0a
580 1 626 1 r1a
580 2 627 1 r2a
580 3 628 1 r3a
580 4 629 1 r4a
580 5 440 1 enda
581 0 680 1 r0b
581 1 681 1 r1b
581 2 682 1 r2b
581 3 683 1 r3b
581 4 684 1 r4b
581 5 440 1 endb
582 0 630 1 r0a
582 1 631 1 r1a
582 2 632 1 r2a
582 3 633 1 r3a
582 4 634 1 r4a
582 5 441 1 enda
583 0 680 1 r0b
583 1 681 1 r1b
583 2 682 1 r2b
583 3 683 1 r3b
583 4 684 1 r4b
583 5 441 1 endb
584 0 635 1 r0a
584 1 636 1 r1a
584 2 637 1 r2a
584 3 638 1 r3a
584 4 639 1 r4a
584 5 442 1 enda
585 0 685 1 r0b
585 1 686 1 r1b
585 2 687 1 r2b
585 3 688 1 r3b
585 4 689 1 r4b
585 5 442 1 endb
586 0 640 1 r0a
586 1 641 1 r1a
586 2 642 1 r2a
586 3 643 1 r3a
586 4 644 1 r4a
586 5 443 1 enda
587 0 685 1 r0b
587 1 686 1 r1b
587 2 687 1 r2b
587 3 688 1 r3b
587 4 689 1 r4b
587 5 443 1 endb
588 0 645 1 r0a
588 1 646 1 r1a
588 2 647 1 r2a
588 3 648 1 r3a
588 4 649 1 r4a
588 5 444 1 enda
589 0 685 1 r0b
589 1 686 1 r1b
589 2 687 1 r2b
589 3 688 1 r3b
589 4 689 1 r4b
589 5 444 1 endb
590 0 625 1 r0a
590 1 626 1 r1a
590 2 627 1 r2a
590 3 628 1 r3a
590 4 629 1 r4a
590 5 445 1 enda
591 0 690 1 r0b
591 1 691 1 r1b
591 2 692 1 r2b
591 3 693 1 r3b
591 4 694 1 r4b
591 5 445 1 endb
592 0 630 1 r0a
592 1 631 1 r1a
592 2 632 1 r2a
592 3 633 1 r3a
592 4 634 1 r4a
592 5 446 1 enda
593 0 690 1 r0b
593 1 691 1 r1b
593 2 692 1 r2b
593 3 693 1 r3b
593 4 694 1 r4b
593 5 446 1 endb
594 0 635 1 r0a
594 1 636 1 r1a
594 2 637 1 r2a
594 3 638 1 r3a
594 4 639 1 r4a
594 5 447 1 enda
595 0 695 1 r0b
595 1 696 1 r1b
595 2 697 1 r2b
595 3 698 1 r3b
595 4 699 1 r4b
595 5 447 1 endb
596 0 640 1 r0a
596 1 641 1 r1a
596 2 642 1 r2a
596 3 643 1 r3a
596 4 644 1 r4a
596 5 448 1 enda
597 0 695 1 r0b
597 1 696 1 r1b
597 2 697 1 r2b
597 3 698 1 r3b
597 4 699 1 r4b
597 5 448 1 endb
598 0 645 1 r0a
598 1 646 1 r1a
598 2 647 1 r2a
598 3 648 1 r3a
598 4 649 1 r4a
598 5 449 1 enda
599 0 695 1 r0b
599 1 696 1 r1b
599 2 697 1 r2b
599 3 698 1 r3b
599 4 699 1 r4b
599 5 449 1 endb
600 0 700 1 tau
601 0 701 1 tau
602 0 702 1 tau
603 0 703 1 tau
604 0 704 1 tau
605 0 705 1 tau
606 0 706 1 tau
607 0 707 1 tau
608 0 708 1 tau
609 0 709 1 tau
610 0 710 1 tau
611 0 711 1 tau
612 0 712 1 tau
613 0 713 1 tau
614 0 714 1 tau
615 0 715 1 tau
616 0 716 1 tau
617 0 717 1 tau
618 0 718 1 tau
619 0 719 1 tau
620 0 720 1 tau
621 0 721 1 tau
622 0 722 1 tau
623 0 723 1 tau
624 0 724 1 tau
625 0 725 1 tau
626 0 726 1 tau
627 0 727 1 tau
628 0 728 1 tau
629 0 729 1 tau
630 0 730 1 tau
631 0 731 1 tau
632 0 732 1 tau
633 0 733 1 tau
634 0 734 1 tau
635 0 735 1 tau
636 0 736 1 tau
637 0 737 1 tau
638 0 738 1 tau
639 0 739 1 tau
640 0 740 1 tau
641 0 741 1 tau
642 0 742 1 tau
643 0 743 1 tau
644 0 744 1 tau
645 0 745 1 tau
646 0 746 1 tau
647 0 747 1 tau
648 0 748 1 tau
649 0 749 1 tau
650 0 750 1 tau
651 0 751 1 tau
652 0 752 1 tau
653 0 753 1 tau
654 0 754 1 tau
655 0 755 1 tau
656 0 756 1 tau
657 0 757 1 tau
658 0 758 1 tau
659 0 759 1 tau
660 0 760 1 tau
661 0 761 1 tau
662 0 762 1 tau
663 0 763 1 tau
664 0 764 1 tau
665 0 765 1 tau
666 0 766 1 tau
667 0 767 1 tau
668 0 768 1 tau
669 0 769 1 tau
670 0 770 1 tau
671 0 771 1 tau
672 0 772 1 tau
673 0 773 1 tau
674 0 774 1 tau
675 0 775 1 tau
676 0 776 1 tau
677 0 777 1 tau
678 0 778 1 tau
679 0 779 1 tau
680 0 780 1 tau
681 0 781 1 tau
682 0 782 1 tau
683 0 783 1 tau
684 0 784 1 tau
685 0 785 1 tau
686 0 786 1 tau
687 0 787 1 tau
688 0 788 1 tau
689 0 789 1 tau
690 0 790 1 tau
691 0 791 1 tau
692 0 792 1 tau
693 0 793 1 tau
694 0 794 1 tau
695 0 795 1 tau
696 0 796 1 tau
697 0 797 1 tau
698 0 798 1 tau
699 0 799 1 tau
700 0 0 1 r0b
700 1 24 1 r1b
700 2 25 1 r2b
700 3 26 1 r3b
700 4 27 1 r4b
700 5 600 1 endb
701 0 28 1 r0b
701 1 29 1 r1b
701 2 30 1 r2b
701 3 31 1 r3b
701 4 32 1 r4b
701 5 601 1 endb
702 0 33 1 r0b
702 1 34 1 r1b
702 2 35 1 r2b
702 3 36 1 r3b
702 4 37 1 r4b
702 5 602 1 endb
703 0 38 1 r0b
703 1 39 1 r1b
703 2 40 1 r2b
703 3 41 1 r3b
703 4 42 1 r4b
703 5 603 1 endb
704 0 43 1 r0b
704 1 44 1 r1b
704 2 45 1 r2b
704 3 46 1 r3b
704 4 47 1 r4b
704 5 604 1 endb
705 0 0 1 r0b
705 1 24 1 r1b
705 2 25 1 r2b
705 3 26 1 r3b
705 4 27 1 r4b
705 5 605 1 endb
706 0 28 1 r0b
706 1 29 1 r1b
706 2 30 1 r2b
706 3 31 1 r3b
706 4 32 1 r4b
706 5 606 1 endb
707 0 33 1 r0b
707 1 34 1 r1b
707 2 35 1 r2b
707 3 36 1 r3b
707 4 37 1 r4b
707 5 607 1 endb
708 0 38 1 r0b
708 1 39 1 r1b
708 2 40 1 r2b
708 3 41 1 r3b
708 4 42 1 r4b
708 5 608 1 endb
709 0 43 1 r0b
709 1 44 1 r1b
709 2 45 1 r2b
709 3 46 1 r3b
709 4 47 1 r4b
709 5 609 1 endb
710 0 300 1 r0b
710 1 301 1 r1b
710 2 302 1 r2b
710 3 303 1 r3b
710 4 304 1 r4b
710 5 610 1 endb
711 0 305 1 r0b
711 1 306 1 r1b
711 2 307 1 r2b
711 3 308 1 r3b
711 4 309 1 r4b
711 5 611 1 endb
712 0 310 1 r0b
712 1 311 1 r1b
712 2 312 1 r2b
712 3 313 1 r3b
712 4 314 1 r4b
712 5 612 1 endb
713 0 315 1 r0b
713 1 316 1 r1b
713 2 317 1 r2b
713 3 318 1 r3b
713 4 319 1 r4b
713 5 613 1 endb
714 0 320 1 r0b
714 1 321 1 r1b
714 2 322 1 r2b
714 3 323 1 r3b
714 4 324 1 r4b
714 5 614 1 endb
715 0 300 1 r0b
715 1 301 1 r1b
715 2 302 1 r2b
715 3 303 1 r3b
715 4 304 1 r4b
715 5 615 1 endb
716 0 305 1 r0b
716 1 306 1 r1b
716 2 307 1 r2b
716 3 308 1 r3b
716 4 309 1 r4b
716 5 616 1 endb
717 0 310 1 r0b
717 1 311 1 r1b
717 2 312 1 r2b
717 3 313 1 r3b
717 4 314 1 r4b
717 5 617 1 endb
718 0 315 1 r0b
718 1 316 1 r1b
718 2 317 1 r2b
718 3 318 1 r3b
718 4 319 1 r4b
718 5 618 1 endb
719 0 320 1 r0b
719 1 321 1 r1b
719 2 322 1 r2b
719 3 323 1 r3b
719 4 324 1 r4b
719 5 619 1 endb
720 0 300 1 r0b
720 1 301 1 r1b
720 2 302 1 r2b
720 3 303 1 r3b
720 4 304 1 r4b
720 5 620 1 endb
721 0 305 1 r0b
721 1 306 1 r1b
721 2 307 1 r2b
721 3 308 1 r3b
721 4 309 1 r4b
721 5 621 1 endb
722 0 310 1 r0b
722 1 311 1 r1b
722 2 312 1 r2b
722 3 313 1 r3b
722 4 314 1 r4b
722 5 622 1 endb
723 0 315 1 r0b
723 1 316 1 r1b
723 2 317 1 r2b
723 3 318 1 r3b
723 4 319 1 r4b
723 5 623 1 endb
724 0 320 1 r0b
724 1 321 1 r1b
724 2 322 1 r2b
724 3 323 1 r3b
724 4 324 1 r4b
724 5 624 1 endb
725 0 325 1 r0b
725 1 326 1 r1b
725 2 327 1 r2b
725 3 328 1 r3b
725 4 329 1 r4b
725 5 625 1 endb
726 0 330 1 r0b
726 1 331 1 r1b
726 2 332 1 r2b
726 3 333 1 r3b
726 4 334 1 r4b
726 5 626 1 endb
727 0 335 1 r0b
727 1 336 1 r1b
727 2 337 1 r2b
727 3 338 1 r3b
727 4 339 1 r4b
727 5 627 1 endb
728 0 340 1 r0b
728 1 341 1 r1b
728 2 342 1 r2b
728 3 343 1 r3b
728 4 344 1 r4b
728 5 628 1 endb
729 0 345 1 r0b
729 1 346 1 r1b
729 2 347 1 r2b
729 3 348 1 r3b
729 4 349 1 r4b
729 5 629 1 endb
730 0 325 1 r0b
730 1 326 1 r1b
730 2 327 1 r2b
730 3 328 1 r3b
730 4 329 1 r4b
730 5 630 1 endb
731 0 330 1 r0b
731 1 331 1 r1b
731 2 332 1 r2b
731 3 333 1 r3b
731 4 334 1 r4b
731 5 631 1 endb
732 0 335 1 r0b
732 1 336 1 r1b
732 2 337 1 r2b
732 3 338 1 r3b
732 4 339 1 r4b
732 5 632 1 endb
733 0 340 1 r0b
733 1 341 1 r1b
733 2 342 1 r2b
733 3 343 1 r3b
733 4 344 1 r4b
733 5 633 1 endb
734 0 345 1 r0b
734 1 346 1 r1b
734 2 347 1 r2b
734 3 348 1 r3b
734 4 349 1 r4b
734 5 634 1 endb
735 0 350 1 r0b
735 1 351 1 r1b
735 2 352 1 r2b
735 3 353 1 r3b
735 4 354 1 r4b
735 5 635 1 endb
736 0 355 1 r0b
736 1 356 1 r1b
736 2 357 1 r2b
736 3 358 1 r3b
736 4 359 1 r4b
736 5 636 1 endb
737 0 360 1 r0b
737 1 361 1 r1b
737 2 362 1 r2b
737 3 363 1 r3b
737 4 364 1 r4b
737 5 637 1 endb
738 0 365 1 r0b
738 1 366 1 r1b
738 2 367 1 r2b
738 3 368 1 r3b
738 4 369 1 r4b
738 5 638 1 endb
739 0 370 1 r0b
739 1 371 1 r1b
739 2 372 1 r2b
739 3 373 1 r3b
739 4 374 1 r4b
739 5 639 1 endb
740 0 350 1 r0b
740 1 351 1 r1b
740 2 352 1 r2b
740 3 353 1 r3b
740 4 354 1 r4b
740 5 640 1 endb
741 0 355 1 r0b
741 1 356 1 r1b
741 2 357 1 r2b
741 3 358 1 r3b
741 4 359 1 r4b
741 5 641 1 endb
742 0 360 1 r0b
742 1 361 1 r1b
742 2 362 1 r2b
742 3 363 1 r3b
742 4 364 1 r4b
742 5 642 1 endb
743 0 365 1 r0b
743 1 366 1 r1b
743 2 367 1 r2b
743 3 368 1 r3b
743 4 369 1 r4b
743 5 643 1 endb
744 0 370 1 r0b
744 1 371 1 r1b
744 2 372 1 r2b
744 3 373 1 r3b
744 4 374 1 r4b
744 5 644 1 endb
745 0 350 1 r0b
745 1 351 1 r1b
745 2 352 1 r2b
745 3 353 1 r3b
745 4 354 1 r4b
745 5 645 1 endb
746 0 355 1 r0b
746 1 356 1 r1b
746 2 357 1 r2b
746 3 358 1 r3b
746 4 359 1 r4b
746 5 646 1 endb
747 0 360 1 r0b
747 1 361 1 r1b
747 2 362 1 r2b
747 3 363 1 r3b
747 4 364 1 r4b
747 5 647 1 endb
748 0 365 1 r0b
748 1 366 1 r1b
748 2 367 1 r2b
748 3 368 1 r3b
748 4 369 1 r4b
748 5 648 1 endb
749 0 370 1 r0b
749 1 371 1 r1b
749 2 372 1 r2b
749 3 373 1 r3b
749 4 374 1 r4b
749 5 649 1 endb
750 0 0 1 r0a
750 1 28 1 r1a
750 2 33 1 r2a
750 3 38 1 r3a
750 4 43 1 r4a
750 5 650 1 enda
751 0 24 1 r0a
751 1 29 1 r1a
751 2 34 1 r2a
751 3 39 1 r3a
751 4 44 1 r4a
751 5 651 1 enda
752 0 25 1 r0a
752 1 30 1 r1a
752 2 35 1 r2a
752 3 40 1 r3a
752 4 45 1 r4a
752 5 652 1 enda
753 0 26 1 r0a
753 1 31 1 r1a
753 2 36 1 r2a
753 3 41 1 r3a
753 4 46 1 r4a
753 5 653 1 enda
754 0 27 1 r0a
754 1 32 1 r1a
754 2 37 1 r2a
754 3 42 1 r3a
754 4 47 1 r4a
754 5 654 1 enda
755 0 300 1 r0a
755 1 305 1 r1a
755 2 310 1 r2a
755 3 315 1 r3a
755 4 320 1 r4a
755 5 655 1 enda
756 0 301 1 r0a
756 1 306 1 r1a
756 2 311 1 r2a
756 3 316 1 r3a
756 4 321 1 r4a
756 5 656 1 enda
757 0 302 1 r0a
757 1 307 1 r1a
757 2 312 1 r2a
757 3 317 1 r3a
757 4 322 1 r4a
757 5 657 1 enda
758 0 303 1 r0a
758 1 308 1 r1a
758 2 313 1 r2a
758 3 318 1 r3a
758 4 323 1 r4a
758 5 658 1 enda
759 0 304 1 r0a
759 1 309 1 r1a
759 2 314 1 r2a
759 3 319 1 r3a
759 4 324 1 r4a
759 5 659 1 enda
760 0 0 1 r0a
760 1 28 1 r1a
760 2 33 1 r2a
760 3 38 1 r3a
760 4 43 1 r4a
760 5 660 1 enda
761 0 24 1 r0a
761 1 29 1 r1a
761 2 34 1 r2a
761 3 39 1 r3a
761 4 44 1 r4a
761 5 661 1 enda
762 0 25 1 r0a
762 1 30 1 r1a
762 2 35 1 r2a
762 3 40 1 r3a
762 4 45 1 r4a
762 5 662 1 enda
763 0 26 1 r0a
763 1 31 1 r1a
763 2 36 1 r2a
763 3 41 1 r3a
763 4 46 1 r4a
763 5 663 1 enda
764 0 27 1 r0a
764 1 32 1 r1a
764 2 37 1 r2a
764 3 42 1 r3a
764 4 47 1 r4a
764 5 664 1 enda
765 0 300 1 r0a
765 1 305 1 r1a
765 2 310 1 r2a
765 3 315 1 r3a
765 4 320 1 r4a
765 5 665 1 enda
766 0 301 1 r0a
766 1 306 1 r1a
766 2 311 1 r2a
766 3 316 1 r3a
766 4 321 1 r4a
766 5 666 1 enda
767 0 302 1 r0a
767 1 307 1 r1a
767 2 312 1 r2a
767 3 317 1 r3a
767 4 322 1 r4a
767 5 667 1 enda
768 0 303 1 r0a
768 1 308 1 r1a
768 2 313 1 r2a
768 3 318 1 r3a
768 4 323 1 r4a
768 5 668 1 enda
769 0 304 1 r0a
769 1 309 1 r1a
769 2 314 1 r2a
769 3 319 1 r3a
769 4 324 1 r4a
769 5 669 1 enda
770 0 0 1 r0a
770 1 28 1 r1a
770 2 33 1 r2a
770 3 38 1 r3a
770 4 43 1 r4a
770 5 670 1 enda
771 0 24 1 r0a
771 1 29 1 r1a
771 2 34 1 r2a
771 3 39 1 r3a
771 4 44 1 r4a
771 5 671 1 enda
772 0 25 1 r0a
772 1 30 1 r1a
772 2 35 1 r2a
772 3 40 1 r3a
772 4 45 1 r4a
772 5 672 1 enda
773 0 26 1 r0a
773 1 31 1 r1a
773 2 36 1 r2a
773 3 41 1 r3a
773 4 46 1 r4a
773 5 673 1 enda
774 0 27 1 r0a
774 1 32 1 r1a
774 2 37 1 r2a
774 3 42 1 r3a
774 4 47 1 r4a
774 5 674 1 enda
775 0 300 1 r0a
775 1 305 1 r1a
775 2 310 1 r2a
775 3 315 1 r3a
775 4 320 1 r4a
775 5 675 1 enda
776 0 301 1 r0a
776 1 306 1 r1a
776 2 311 1 r2a
776 3 316 1 r3a
776 4 321 1 r4a
776 5 676 1 enda
777 0 302 1 r0a
777 1 307 1 r1a
777 2 312 1 r2a
777 3 317 1 r3a
777 4 322 1 r4a
777 5 677 1 enda
778 0 303 1 r0a
778 1 308 1 r1a
778 2 313 1 r2a
778 3 318 1 r3a
778 4 323 1 r4a
778 5 678 1 enda
779 0 304 1 r0a
779 1 309 1 r1a
779 2 314 1 r2a
779 3 319 1 r3a
779 4 324 1 r4a
779 5 679 1 enda
780 0 325 1 r0a
780 1 330 1 r1a
780 2 335 1 r2a
780 3 340 1 r3a
780 4 345 1 r4a
780 5 680 1 enda
781 0 326 1 r0a
781 1 331 1 r1a
781 2 336 1 r2a
781 3 341 1 r3a
781 4 346 1 r4a
781 5 681 1 enda
782 0 327 1 r0a
782 1 332 1 r1a
782 2 337 1 r2a
782 3 342 1 r3a
782 4 347 1 r4a
782 5 682 1 enda
783 0 328 1 r0a
783 1 333 1 r1a
783 2 338 1 r2a
783 3 343 1 r3a
783 4 348 1 r4a
783 5 683 1 enda
784 0 329 1 r0a
784 1 334 1 r1a
784 2 339 1 r2a
784 3 344 1 r3a
784 4 349 1 r4a
784 5 684 1 enda
785 0 350 1 r0a
785 1 355 1 r1a
785 2 360 1 r2a
785 3 365 1 r3a
785 4 370 1 r4a
785 5 685 1 enda
786 0 351 1 r0a
786 1 356 1 r1a
786 2 361 1 r2a
786 3 366 1 r3a
786 4 371 1 r4a
786 5 686 1 enda
787 0 352 1 r0a
787 1 357 1 r1a
787 2 362 1 r2a
787 3 367 1 r3a
787 4 372 1 r4a
787 5 687 1 enda
788 0 353 1 r0a
788 1 358 1 r1a
788 2 363 1 r2a
788 3 368 1 r3a
788 4 373 1 r4a
788 5 688 1 enda
789 0 354 1 r0a
789 1 359 1 r1a
789 2 364 1 r2a
789 3 369 1 r3a
789 4 374 1 r4a
789 5 689 1 enda
790 0 325 1 r0a
790 1 330 1 r1a
790 2 335 1 r2a
790 3 340 1 r3a
790 4 345 1 r4a
790 5 690 1 enda
791 0 326 1 r0a
791 1 331 1 r1a
791 2 336 1 r2a
791 3 341 1 r3a
791 4 346 1 r4a
791 5 691 1 enda
792 0 327 1 r0a
792 1 332 1 r1a
792 2 337 1 r2a
792 3 342 1 r3a
792 4 347 1 r4a
792 5 692 1 enda
793 0 328 1 r0a
793 1 333 1 r1a
793 2 338 1 r2a
793 3 343 1 r3a
793 4 348 1 r4a
793 5 693 1 enda
794 0 329 1 r0a
794 1 334 1 r1a
794 2 339 1 r2a
794 3 344 1 r3a
794 4 349 1 r4a
794 5 694 1 enda
795 0 350 1 r0a
795 1 355 1 r1a
795 2 360 1 r2a
795 3 365 1 r3a
795 4 370 1 r4a
795 5 695 1 enda
796 0 351 1 r0a
796 1 356 1 r1a
796 2 361 1 r2a
796 3 366 1 r3a
796 4 371 1 r4a
796 5 696 1 enda
797 0 352 1 r0a
797 1 357 1 r1a
797 2 362 1 r2a
797 3 367 1 r3a
797 4 372 1 r4a
797 5 697 1 enda
798 0 353 1 r0a
798 1 358 1 r1a
798 2 363 1 r2a
798 3 368 1 r3a
798 4 373 1 r4a
798 5 698 1 enda
799 0 354 1 r0a
799 1 359 1 r1a
799 2 364 1 r2a
799 3 369 1 r3a
799 4 374 1 r4a
799 5 699 1 enda
