CycleId NumofObj NumofAct NumofEnv SynTime SynStatus NumofCandidate
0 10 3 5140 true 3
1 10 3 1491 true 2
2 10 3 27075 true 4
3 10 3 1824 true 1
4 10 3 1089 true 3
5 10 3 1714 true 4
6 10 3 1065 true 2
7 10 3 906 true 3
8 10 3 5038 true 4
9 10 3 1061 true 1
10 10 3 1496 true 2
11 10 3 1240 true 2
12 10 3 992 true 3
13 10 3 716 true 1
14 10 3 1257 true 3
15 10 3 772 true 2
16 10 3 1224 true 2
17 10 3 784 true 1
18 10 3 786 true 2
19 10 3 1291 true 3
20 10 3 1239 true 2
21 10 3 898 true 3
22 10 3 737 true 1
23 10 3 936 true 1
24 10 3 695 true 2
25 10 3 928 true 3
26 10 3 1232 true 1
27 10 3 1248 true 3
28 10 3 1152 true 1
29 10 3 2004 true 3
30 10 3 1497 true 1
31 10 3 2180 true 2
32 10 3 705 true 1
33 10 3 860 true 2
34 10 3 1114 true 3
35 10 3 813 true 3
36 10 3 1077 true 3
37 10 3 725 true 3
38 10 3 1022 true 3
39 10 3 737 true 1
40 10 3 817 true 2
41 10 3 1451 true 3
42 10 3 1242 true 5
43 10 3 886 true 3
44 10 3 672 true 3
45 10 3 949 true 1
46 10 3 537 true 1
47 10 3 731 true 1
48 10 3 73507 true 3
49 10 3 545 true 1
50 10 3 1551 true 1
51 10 3 1123 true 5
52 10 3 610 true 3
53 10 3 610 true 2
54 10 3 650 true 3
55 10 3 480 true 2
56 10 3 4997 false 0
57 10 3 590 true 2
58 10 3 1582 false 0
59 10 3 467 true 2
60 10 3 923 true 2
61 10 3 720 true 2
62 10 3 503 true 3
63 10 3 680 true 2
64 10 3 722 true 3
65 10 3 641 true 3
66 10 3 865 true 3
67 10 3 452 true 2
68 10 3 610 true 1
69 10 3 786 true 2
70 10 3 722 true 2
71 10 3 667 true 2
72 10 3 600 true 2
73 10 3 768 true 2
74 10 3 8280 false 0
75 10 3 746 true 1
76 10 3 970 true 1
77 10 3 1076 true 1
78 10 3 439 true 1
79 10 3 686 true 2
80 10 3 1670 true 4
81 10 3 430 true 2
82 10 3 678 true 4
83 10 3 733 true 5
84 10 3 886 true 1
85 10 3 559 true 2
86 10 3 1586 false 0
87 10 3 718 true 2
88 10 3 540 true 2
89 10 3 528 true 3
90 10 3 551 true 1
91 10 3 1591 false 0
92 10 3 534 true 2
93 10 3 578 true 4
94 10 3 545 true 2
95 10 3 721 true 3
96 10 3 625 true 2
97 10 3 889 true 3
98 10 3 562 true 3
99 10 3 1502 false 0

