CycleId NumofObj NumofAct NumofEnv SynTime SynStatus Solution
0 80 4 2705 true
1 80 4 2617 true
2 80 4 2659 true
3 80 4 2627 true
4 80 4 2642 true
5 80 4 2744 true
6 80 4 2598 true
7 80 4 5393 true
8 80 4 3230 true
9 80 4 6029 true
10 80 4 2970 true
11 80 4 4674 true
12 80 4 2649 true
13 80 4 2542 true
14 80 4 2601 true
15 80 4 2660 true
16 80 4 2605 true
17 80 4 2515 true
18 80 4 2909 true
19 80 4 2604 true
20 80 4 2665 true
21 80 4 2618 true
22 80 4 2603 true
23 80 4 2565 true
24 80 4 2727 true
25 80 4 2678 true
26 80 4 2737 true
27 80 4 2577 true
28 80 4 2676 true
29 80 4 2694 true
30 80 4 2986 true
31 80 4 2590 true
32 80 4 2842 true
33 80 4 2653 true
34 80 4 3019 true
35 80 4 2696 true
36 80 4 2540 true
37 80 4 2558 true
38 80 4 2570 true
39 80 4 2689 true
40 80 4 2604 true
41 80 4 2627 true
42 80 4 2610 true
43 80 4 2588 true
44 80 4 2604 true
45 80 4 2675 true
46 80 4 2744 true
47 80 4 2560 true
48 80 4 2583 true
49 80 4 2567 true
50 80 4 2605 true
51 80 4 2572 true
52 80 4 2586 true
53 80 4 2639 true
54 80 4 2598 true
55 80 4 2613 true
56 80 4 2543 true
57 80 4 2552 true
58 80 4 2605 true
59 80 4 2610 true
60 80 4 2678 true
61 80 4 2585 true
62 80 4 2586 true
63 80 4 2673 true
64 80 4 2660 true
65 80 4 2577 true
66 80 4 2665 true
67 80 4 2616 true
68 80 4 2700 true
69 80 4 2639 true
70 80 4 2683 true
71 80 4 2672 true
72 80 4 2637 true
73 80 4 2539 true
74 80 4 2554 true
75 80 4 2562 true
76 80 4 2630 true
77 80 4 2599 true
78 80 4 2516 true
79 80 4 2622 true
80 80 4 2581 true
81 80 4 2645 true
82 80 4 2644 true
83 80 4 2591 true
84 80 4 2581 true
85 80 4 2550 true
86 80 4 2648 true
87 80 4 2602 true
88 80 4 2531 true
89 80 4 2588 true
90 80 4 2623 true
91 80 4 2600 true
92 80 4 2610 true
93 80 4 2677 true
94 80 4 2652 true
95 80 4 2594 true
96 80 4 2648 true
97 80 4 2595 true
98 80 4 2637 true
99 80 4 2653 true

