CycleId NumofObj NumofAct NumofEnv SynTime SynStatus Solution
0 40 2 4618 true
1 40 2 2367 true
2 40 2 1783 true
3 40 2 1739 true
4 40 2 2236 true
5 40 2 2271 true
6 40 2 1795 true
7 40 2 1533 true
8 40 2 1370 true
9 40 2 1425 true
10 40 2 1338 true
11 40 2 1210 true
12 40 2 1748 true
13 40 2 1634 true
14 40 2 1529 true
15 40 2 1258 true
16 40 2 1392 true
17 40 2 1419 true
18 40 2 1120 true
19 40 2 1784 true
20 40 2 1434 true
21 40 2 1104 true
22 40 2 1499 true
23 40 2 1427 true
24 40 2 1701 true
25 40 2 1466 true
26 40 2 1462 true
27 40 2 1467 true
28 40 2 1659 true
29 40 2 1551 true
30 40 2 1456 true
31 40 2 1611 true
32 40 2 1564 true
33 40 2 1512 true
34 40 2 1471 true
35 40 2 1446 true
36 40 2 1415 true
37 40 2 1271 true
38 40 2 1403 true
39 40 2 1369 true
40 40 2 1536 true
41 40 2 1513 true
42 40 2 1591 true
43 40 2 1532 true
44 40 2 1466 true
45 40 2 1461 true
46 40 2 1447 true
47 40 2 1473 true
48 40 2 1520 true
49 40 2 1481 true
50 40 2 1571 true
51 40 2 1690 true
52 40 2 1641 true
53 40 2 1589 true
54 40 2 1841 true
55 40 2 1475 true
56 40 2 1479 true
57 40 2 1123 true
58 40 2 1505 true
59 40 2 1415 true
60 40 2 1527 true
61 40 2 1483 true
62 40 2 1496 true
63 40 2 1759 true
64 40 2 1356 true
65 40 2 1655 true
66 40 2 1490 true
67 40 2 1658 true
68 40 2 2045 true
69 40 2 1444 true
70 40 2 1560 true
71 40 2 1513 true
72 40 2 1518 true
73 40 2 1325 true
74 40 2 1495 true
75 40 2 1499 true
76 40 2 1355 true
77 40 2 1393 true
78 40 2 1173 true
79 40 2 1363 true
80 40 2 1502 true
81 40 2 1590 true
82 40 2 1692 true
83 40 2 1413 true
84 40 2 1513 true
85 40 2 1586 true
86 40 2 1451 true
87 40 2 1579 true
88 40 2 1449 true
89 40 2 1439 true
90 40 2 1583 true
91 40 2 1469 true
92 40 2 1588 true
93 40 2 1438 true
94 40 2 1527 true
95 40 2 1599 true
96 40 2 1616 true
97 40 2 1484 true
98 40 2 1324 true
99 40 2 1355 true
100 40 2 1326 true
101 40 2 1505 true
102 40 2 1317 true
103 40 2 1352 true
104 40 2 1376 true
105 40 2 1323 true
106 40 2 1573 true
107 40 2 1296 true
108 40 2 1332 true
109 40 2 1210 true
110 40 2 1433 true
111 40 2 1485 true
112 40 2 1409 true
113 40 2 1476 true
114 40 2 1481 true
115 40 2 1537 true
116 40 2 1523 true
117 40 2 1327 true
118 40 2 1298 true
119 40 2 1315 true
120 40 2 1450 true
121 40 2 1356 true
122 40 2 1323 true
123 40 2 1374 true
124 40 2 1534 true
125 40 2 1452 true
126 40 2 1562 true
127 40 2 1482 true
128 40 2 1394 true
129 40 2 1494 true
130 40 2 1332 true
131 40 2 1311 true
132 40 2 1348 true
133 40 2 1418 true
134 40 2 1481 true
135 40 2 1356 true
136 40 2 1888 true
137 40 2 1386 true
138 40 2 1613 true
139 40 2 1392 true
140 40 2 1580 true
141 40 2 1500 true
142 40 2 1569 true
143 40 2 1566 true
144 40 2 1452 true
145 40 2 1332 true
146 40 2 1368 true
147 40 2 1366 true
148 40 2 1297 true
149 40 2 1272 true
150 40 2 1295 true
151 40 2 1293 true
152 40 2 1368 true
153 40 2 1315 true
154 40 2 1379 true
155 40 2 1400 true
156 40 2 1359 true
157 40 2 1506 true
158 40 2 1448 true
159 40 2 1489 true
160 40 2 1487 true
161 40 2 1531 true
162 40 2 1401 true
163 40 2 1699 true
164 40 2 1549 true
165 40 2 1354 true
166 40 2 1652 true
167 40 2 1532 true
168 40 2 1438 true
169 40 2 1455 true
170 40 2 1484 true
171 40 2 1405 true
172 40 2 1478 true
173 40 2 1359 true
174 40 2 1083 true
175 40 2 1242 true
176 40 2 1365 true
177 40 2 1385 true
178 40 2 1403 true
179 40 2 1310 true
180 40 2 1252 true
181 40 2 1314 true
182 40 2 1443 true
183 40 2 1479 true
184 40 2 1486 true
185 40 2 1362 true
186 40 2 1075 true
187 40 2 1247 true
188 40 2 1020 true
189 40 2 1064 true
190 40 2 783 true
191 40 2 1326 true
192 40 2 1320 true
193 40 2 1248 true
194 40 2 1204 true
195 40 2 1304 true
196 40 2 1341 true
197 40 2 1493 true
198 40 2 1347 true
199 40 2 1942 true
200 40 2 964 true
201 40 2 895 true
202 40 2 883 true
203 40 2 907 true
204 40 2 910 true
205 40 2 1107 true
206 40 2 948 true
207 40 2 966 true
208 40 2 605 true
209 40 2 897 true
210 40 2 840 true
211 40 2 665 true
212 40 2 644 true
213 40 2 877 true
214 40 2 915 true
215 40 2 1039 true
216 40 2 872 true
217 40 2 916 true
218 40 2 972 true
219 40 2 894 true
220 40 2 551 true
221 40 2 478 true
222 40 2 512 true
223 40 2 587 true
224 40 2 996 true
225 40 2 898 true
226 40 2 1041 true
227 40 2 565 true
228 40 2 541 true
229 40 2 570 true
230 40 2 508 true
231 40 2 937 true
232 40 2 929 true
233 40 2 996 true
234 40 2 795 true
235 40 2 937 true
236 40 2 613 true
237 40 2 710 true
238 40 2 543 true
239 40 2 880 true
240 40 2 883 true
241 40 2 908 true
242 40 2 906 true
243 40 2 505 true
244 40 2 530 true
245 40 2 695 true
246 40 2 904 true
247 40 2 907 true
248 40 2 963 true
249 40 2 849 true
250 40 2 867 true
251 40 2 913 true
252 40 2 598 true
253 40 2 846 true
254 40 2 447 true
255 40 2 685 true
256 40 2 503 true
257 40 2 569 true
258 40 2 497 true
259 40 2 468 true
260 40 2 480 true
261 40 2 913 true
262 40 2 563 true
263 40 2 517 true
264 40 2 481 true
265 40 2 488 true
266 40 2 536 true
267 40 2 469 true
268 40 2 511 true
269 40 2 474 true
270 40 2 480 true
271 40 2 470 true
272 40 2 581 true
273 40 2 503 true
274 40 2 457 true
275 40 2 451 true
276 40 2 449 true
277 40 2 934 true
278 40 2 597 true
279 40 2 485 true
280 40 2 450 true
281 40 2 485 true
282 40 2 459 true
283 40 2 495 true
284 40 2 476 true
285 40 2 476 true
286 40 2 461 true
287 40 2 486 true
288 40 2 565 true
289 40 2 441 true
290 40 2 445 true
291 40 2 695 true
292 40 2 509 true
293 40 2 450 true
294 40 2 457 true
295 40 2 475 true
296 40 2 531 true
297 40 2 493 true
298 40 2 495 true
299 40 2 466 true

