CycleId NumofObj NumofAct NumofEnv SynTime SynStatus Solution
0 60 2 2052 true
1 60 2 1739 true
2 60 2 1253 true
3 60 2 1217 true
4 60 2 1277 true
5 60 2 1181 true
6 60 2 1244 true
7 60 2 1135 true
8 60 2 1285 true
9 60 2 1124 true
10 60 2 1121 true
11 60 2 1194 true
12 60 2 1332 true
13 60 2 1225 true
14 60 2 1462 true
15 60 2 1340 true
16 60 2 1131 true
17 60 2 1244 true
18 60 2 1343 true
19 60 2 2000 true
20 60 2 1390 true
21 60 2 1085 true
22 60 2 1239 true
23 60 2 1436 true
24 60 2 1153 true
25 60 2 1142 true
26 60 2 1446 true
27 60 2 1132 true
28 60 2 1176 true
29 60 2 1086 true
30 60 2 1238 true
31 60 2 1420 true
32 60 2 1876 true
33 60 2 1862 true
34 60 2 2139 true
35 60 2 1933 true
36 60 2 1336 true
37 60 2 1299 true
38 60 2 1106 true
39 60 2 1233 true
40 60 2 1133 true
41 60 2 1112 true
42 60 2 1161 true
43 60 2 1243 true
44 60 2 1154 true
45 60 2 1222 true
46 60 2 1361 true
47 60 2 1197 true
48 60 2 1255 true
49 60 2 1179 true
50 60 2 1146 true
51 60 2 1149 true
52 60 2 1212 true
53 60 2 1208 true
54 60 2 1340 true
55 60 2 1353 true
56 60 2 1144 true
57 60 2 1319 true
58 60 2 1140 true
59 60 2 1236 true
60 60 2 1078 true
61 60 2 1157 true
62 60 2 1139 true
63 60 2 1162 true
64 60 2 1256 true
65 60 2 1125 true
66 60 2 1212 true
67 60 2 1212 true
68 60 2 1157 true
69 60 2 1137 true
70 60 2 1133 true
71 60 2 1396 true
72 60 2 1111 true
73 60 2 1158 true
74 60 2 1243 true
75 60 2 1145 true
76 60 2 1931 true
77 60 2 1758 true
78 60 2 1116 true
79 60 2 1331 true
80 60 2 1384 true
81 60 2 1104 true
82 60 2 1125 true
83 60 2 1331 true
84 60 2 1262 true
85 60 2 1115 true
86 60 2 1118 true
87 60 2 1216 true
88 60 2 1254 true
89 60 2 1116 true
90 60 2 1243 true
91 60 2 1310 true
92 60 2 1174 true
93 60 2 1216 true
94 60 2 1252 true
95 60 2 1154 true
96 60 2 1118 true
97 60 2 1074 true
98 60 2 1125 true
99 60 2 1190 true

