CycleId NumofObj NumofAct NumofEnv SynTime SynStatus NumofCandidate
0 10 5 3514 true 1
1 10 5 52300 false 0
2 10 5 2875 false 0
3 10 5 1073 true 2
4 10 5 1299 true 1
5 10 5 1536 false 0
6 10 5 1400 true 3
7 10 5 1280 true 2
8 10 5 1354 false 0
9 10 5 1234 false 0
10 10 5 1721 false 0
11 10 5 3200 true 4
12 10 5 2067 false 0
13 10 5 1179 true 3
14 10 5 1518 true 3
15 10 5 925 true 2
16 10 5 1095 true 4
17 10 5 940 true 2
18 10 5 809 true 2
19 10 5 7029 false 0
20 10 5 822 false 0
21 10 5 5435 false 0
22 10 5 797 true 3
23 10 5 1756 false 0
24 10 5 1335 true 4
25 10 5 1455 true 3
26 10 5 6455 false 0
27 10 5 1034 true 1
28 10 5 1099 true 2
29 10 5 1140 true 3
30 10 5 1195 true 2
31 10 5 1265 true 3
32 10 5 1028 true 2
33 10 5 1152 false 0
34 10 5 1474 true 1
35 10 5 5555 false 0
36 10 5 1065 true 3
37 10 5 715 true 2
38 10 5 3529 false 0
39 10 5 4230 false 0
40 10 5 1600 false 0
41 10 5 5727 false 0
42 10 5 791 true 2
43 10 5 870 true 2
44 10 5 1094 true 1
45 10 5 557 true 1
46 10 5 1030 true 2
47 10 5 865 true 1
48 10 5 1412 true 3
49 10 5 945 true 2
50 10 5 967 true 2
51 10 5 1785 false 0
52 10 5 1474 false 0
53 10 5 1501 false 0
54 10 5 1213 true 3
55 10 5 947 true 3
56 10 5 20178 false 0
57 10 5 733 true 2
58 10 5 3467 false 0
59 10 5 6506 false 0
60 10 5 933 false 0
61 10 5 703 true 1
62 10 5 1260 false 0
63 10 5 1696 true 3
64 10 5 843 false 0
65 10 5 4666 true 4
66 10 5 1051 true 4
67 10 5 897 true 2
68 10 5 1211 true 3
69 10 5 862 true 2
70 10 5 1017 true 2
71 10 5 2075 false 0
72 10 5 649 true 1
73 10 5 1103 true 3
74 10 5 2796 false 0
75 10 5 1674 false 0
76 10 5 5262 false 0
77 10 5 848 true 2
78 10 5 1872 false 0
79 10 5 1285 true 2
80 10 5 1308 true 3
81 10 5 735 true 2
82 10 5 4589 false 0
83 10 5 1488 true 4
84 10 5 888 true 2
85 10 5 925 true 2
86 10 5 2859 true 3
87 10 5 723 true 2
88 10 5 4075 false 0
89 10 5 2347 false 0
90 10 5 3551 false 0
91 10 5 1160 false 0
92 10 5 1447 false 0
93 10 5 942 false 0
94 10 5 761 true 2
95 10 5 940 true 1
96 10 5 2452 false 0
97 10 5 780 true 1
98 10 5 659 false 0
99 10 5 657 true 3

