CycleId NumofObj NumofAct NumofEnv SynTime SynStatus NumofCandidate
0 10 4 3123 true 1
1 10 4 1337 false 0
2 10 4 1730 true 4
3 10 4 992 true 2
4 10 4 1338 false 0
5 10 4 880 true 3
6 10 4 27095 true 4
7 10 4 708 true 2
8 10 4 1160 true 3
9 10 4 5749 true 2
10 10 4 917 true 3
11 10 4 1056 true 1
12 10 4 1219 true 3
13 10 4 931 true 2
14 10 4 15100 true 4
15 10 4 765 true 3
16 10 4 867 true 1
17 10 4 1371 false 0
18 10 4 1109 true 2
19 10 4 756 true 2
20 10 4 743 true 4
21 10 4 905 true 2
22 10 4 476 true 2
23 10 4 1141 true 3
24 10 4 671 true 2
25 10 4 1115 true 4
26 10 4 953 true 3
27 10 4 1287 true 4
28 10 4 1801 false 0
29 10 4 744 true 2
30 10 4 673 true 1
31 10 4 1049 true 2
32 10 4 5918 false 0
33 10 4 921 true 2
34 10 4 1976 false 0
35 10 4 653 true 2
36 10 4 980 true 2
37 10 4 541 true 2
38 10 4 6244 true 3
39 10 4 653 true 2
40 10 4 3624 false 0
41 10 4 1150 true 2
42 10 4 1585 false 0
43 10 4 1090 true 3
44 10 4 4291 false 0
45 10 4 1933 false 0
46 10 4 576 true 2
47 10 4 903 true 3
48 10 4 647 true 3
49 10 4 1045 false 0
50 10 4 519 true 2
51 10 4 882 true 3
52 10 4 3423 false 0
53 10 4 910 true 4
54 10 4 836 true 1
55 10 4 1289 false 0
56 10 4 574 true 2
57 10 4 589 true 2
58 10 4 1191 false 0
59 10 4 673 false 0
60 10 4 548 true 1
61 10 4 1149 true 2
62 10 4 793 true 1
63 10 4 679 true 2
64 10 4 640 true 2
65 10 4 662 true 2
66 10 4 2167 false 0
67 10 4 512 true 2
68 10 4 795 true 3
69 10 4 2148 false 0
70 10 4 3033 true 4
71 10 4 1867 true 3
72 10 4 616 true 1
73 10 4 2880 false 0
74 10 4 890 true 2
75 10 4 1421 false 0
76 10 4 689 true 2
77 10 4 601 true 2
78 10 4 947 true 3
79 10 4 843 true 3
80 10 4 1240 false 0
81 10 4 659 true 2
82 10 4 4118 false 0
83 10 4 429 true 1
84 10 4 592 true 2
85 10 4 3281 false 0
86 10 4 1538 false 0
87 10 4 805 true 4
88 10 4 740 true 2
89 10 4 596 true 2
90 10 4 860 true 3
91 10 4 1955 false 0
92 10 4 4630 false 0
93 10 4 28130 true 4
94 10 4 995 true 4
95 10 4 515 true 2
96 10 4 393 true 2
97 10 4 8514 true 6
98 10 4 532 true 2
99 10 4 632 true 4

