CycleId NumofObj NumofAct NumofEnv SynTime SynStatus Solution
0 40 4 1690 true
1 40 4 1667 true
2 40 4 1704 true
3 40 4 1726 true
4 40 4 1654 true
5 40 4 1601 true
6 40 4 1659 true
7 40 4 1704 true
8 40 4 1696 true
9 40 4 1404 true
10 40 4 1687 true
11 40 4 1738 true
12 40 4 1654 true
13 40 4 1727 true
14 40 4 1664 true
15 40 4 1151 true
16 40 4 1432 true
17 40 4 1315 true
18 40 4 1250 true
19 40 4 1668 true
20 40 4 1689 true
21 40 4 1357 true
22 40 4 1134 true
23 40 4 1386 true
24 40 4 1174 true
25 40 4 1139 true
26 40 4 1071 true
27 40 4 1305 true
28 40 4 1303 true
29 40 4 1166 true
30 40 4 1597 true
31 40 4 1764 true
32 40 4 1067 true
33 40 4 1667 true
34 40 4 1639 true
35 40 4 1016 true
36 40 4 1063 true
37 40 4 1008 true
38 40 4 1080 true
39 40 4 1064 true
40 40 4 1425 true
41 40 4 1474 true
42 40 4 1698 true
43 40 4 1222 true
44 40 4 1033 true
45 40 4 1207 true
46 40 4 1048 true
47 40 4 1049 true
48 40 4 1219 true
49 40 4 1722 true
50 40 4 1669 true
51 40 4 1477 true
52 40 4 1107 true
53 40 4 1142 true
54 40 4 1080 true
55 40 4 1053 true
56 40 4 1938 true
57 40 4 1664 true
58 40 4 1665 true
59 40 4 1715 true
60 40 4 1011 true
61 40 4 1135 true
62 40 4 1069 true
63 40 4 1621 true
64 40 4 1193 true
65 40 4 1014 true
66 40 4 1085 true
67 40 4 1115 true
68 40 4 1034 true
69 40 4 1072 true
70 40 4 1072 true
71 40 4 1006 true
72 40 4 1072 true
73 40 4 1000 true
74 40 4 1424 true
75 40 4 1000 true
76 40 4 1002 true
77 40 4 1058 true
78 40 4 1071 true
79 40 4 1056 true
80 40 4 1044 true
81 40 4 1116 true
82 40 4 1051 true
83 40 4 1038 true
84 40 4 1066 true
85 40 4 1382 true
86 40 4 1009 true
87 40 4 1037 true
88 40 4 1385 true
89 40 4 1054 true
90 40 4 1194 true
91 40 4 1083 true
92 40 4 1074 true
93 40 4 1917 true
94 40 4 1244 true
95 40 4 1078 true
96 40 4 1052 true
97 40 4 1137 true
98 40 4 1029 true
99 40 4 1016 true

