CycleId NumofObj NumofAct NumofEnv SynTime SynStatus Solution
0 10 2 7013 true
1 10 2 1145 true
2 10 2 1022 true
3 10 2 1021 true
4 10 2 882 true
5 10 2 872 true
6 10 2 756 true
7 10 2 735 true
8 10 2 695 true
9 10 2 777 true
10 10 2 735 true
11 10 2 674 true
12 10 2 688 true
13 10 2 630 true
14 10 2 611 true
15 10 2 619 true
16 10 2 618 true
17 10 2 624 true
18 10 2 601 true
19 10 2 611 true
20 10 2 621 true
21 10 2 710 true
22 10 2 587 true
23 10 2 575 true
24 10 2 688 true
25 10 2 546 true
26 10 2 617 true
27 10 2 733 true
28 10 2 518 true
29 10 2 582 true
30 10 2 594 true
31 10 2 576 true
32 10 2 575 true
33 10 2 624 true
34 10 2 552 true
35 10 2 530 true
36 10 2 636 true
37 10 2 727 true
38 10 2 542 true
39 10 2 544 true
40 10 2 511 true
41 10 2 556 true
42 10 2 581 true
43 10 2 544 true
44 10 2 523 true
45 10 2 467 true
46 10 2 492 true
47 10 2 522 true
48 10 2 646 true
49 10 2 526 true
50 10 2 524 true
51 10 2 568 true
52 10 2 611 true
53 10 2 521 true
54 10 2 533 true
55 10 2 542 true
56 10 2 473 true
57 10 2 489 true
58 10 2 622 true
59 10 2 550 true
60 10 2 573 true
61 10 2 601 true
62 10 2 454 true
63 10 2 560 true
64 10 2 500 true
65 10 2 465 true
66 10 2 510 true
67 10 2 513 true
68 10 2 456 true
69 10 2 518 true
70 10 2 567 true
71 10 2 415 true
72 10 2 490 true
73 10 2 493 true
74 10 2 633 true
75 10 2 435 true
76 10 2 424 true
77 10 2 467 true
78 10 2 360 true
79 10 2 462 true
80 10 2 444 true
81 10 2 612 true
82 10 2 538 true
83 10 2 502 true
84 10 2 498 true
85 10 2 454 true
86 10 2 386 true
87 10 2 553 true
88 10 2 479 true
89 10 2 439 true
90 10 2 435 true
91 10 2 543 true
92 10 2 367 true
93 10 2 434 true
94 10 2 431 true
95 10 2 394 true
96 10 2 373 true
97 10 2 497 true
98 10 2 388 true
99 10 2 379 true

