CycleId NumofObj NumofAct NumofEnv SynTime SynStatus NumofCandidate
0 10 1 3123 true 1
1 10 1 962 true 1
2 10 1 1019 true 2
3 10 1 888 true 1
4 10 1 747 true 2
5 10 1 710 true 1
6 10 1 727 true 2
7 10 1 827 true 2
8 10 1 589 true 1
9 10 1 797 true 2
10 10 1 493 true 1
11 10 1 671 true 1
12 10 1 523 true 1
13 10 1 726 true 2
14 10 1 476 true 1
15 10 1 541 true 1
16 10 1 612 true 2
17 10 1 540 true 1
18 10 1 513 true 1
19 10 1 631 true 1
20 10 1 575 true 2
21 10 1 576 true 2
22 10 1 614 true 1
23 10 1 721 true 2
24 10 1 639 true 2
25 10 1 607 true 2
26 10 1 568 true 1
27 10 1 659 true 2
28 10 1 607 true 1
29 10 1 597 true 2
30 10 1 502 true 1
31 10 1 518 true 1
32 10 1 520 true 1
33 10 1 514 true 1
34 10 1 497 true 2
35 10 1 639 true 1
36 10 1 578 true 2
37 10 1 464 true 1
38 10 1 616 true 1
39 10 1 471 true 1
40 10 1 638 true 1
41 10 1 344 true 1
42 10 1 485 true 1
43 10 1 409 true 2
44 10 1 385 true 1
45 10 1 452 true 1
46 10 1 470 true 1
47 10 1 471 true 1
48 10 1 390 true 2
49 10 1 651 true 2
50 10 1 402 true 2
51 10 1 586 true 2
52 10 1 555 true 2
53 10 1 346 true 1
54 10 1 434 true 1
55 10 1 427 true 1
56 10 1 520 true 1
57 10 1 426 true 1
58 10 1 474 true 1
59 10 1 540 true 1
60 10 1 520 true 2
61 10 1 470 true 2
62 10 1 579 true 1
63 10 1 603 true 2
64 10 1 740 true 2
65 10 1 478 true 1
66 10 1 375 true 2
67 10 1 444 true 2
68 10 1 534 true 1
69 10 1 422 true 1
70 10 1 444 true 1
71 10 1 363 true 2
72 10 1 443 true 1
73 10 1 466 true 1
74 10 1 451 true 2
75 10 1 376 true 1
76 10 1 476 true 1
77 10 1 501 true 2
78 10 1 627 true 2
79 10 1 285 true 2
80 10 1 384 true 1
81 10 1 369 true 2
82 10 1 383 true 1
83 10 1 652 true 2
84 10 1 232 true 1
85 10 1 465 true 2
86 10 1 354 true 2
87 10 1 375 true 1
88 10 1 388 true 1
89 10 1 380 true 1
90 10 1 514 true 1
91 10 1 419 true 1
92 10 1 407 true 1
93 10 1 306 true 1
94 10 1 345 true 2
95 10 1 434 true 1
96 10 1 559 true 2
97 10 1 597 true 2
98 10 1 342 true 1
99 10 1 509 true 1

