CycleId NumofObj NumofAct NumofEnv SynTime SynStatus Solution
0 20 4 5928 true
1 20 4 1885 true
2 20 4 1278 true
3 20 4 1226 true
4 20 4 1309 true
5 20 4 1260 true
6 20 4 1291 true
7 20 4 1208 true
8 20 4 1131 true
9 20 4 1082 true
10 20 4 1044 true
11 20 4 915 true
12 20 4 998 true
13 20 4 882 true
14 20 4 1120 true
15 20 4 1099 true
16 20 4 1084 true
17 20 4 1086 true
18 20 4 1106 true
19 20 4 1102 true
20 20 4 1286 true
21 20 4 1122 true
22 20 4 1097 true
23 20 4 1105 true
24 20 4 1080 true
25 20 4 1124 true
26 20 4 1106 true
27 20 4 1062 true
28 20 4 1156 true
29 20 4 1067 true
30 20 4 1051 true
31 20 4 1182 true
32 20 4 1116 true
33 20 4 1064 true
34 20 4 1227 true
35 20 4 1181 true
36 20 4 1054 true
37 20 4 993 true
38 20 4 1070 true
39 20 4 1079 true
40 20 4 1069 true
41 20 4 1132 true
42 20 4 1076 true
43 20 4 1066 true
44 20 4 1061 true
45 20 4 1011 true
46 20 4 1164 true
47 20 4 1197 true
48 20 4 1068 true
49 20 4 1012 true
50 20 4 1125 true
51 20 4 1114 true
52 20 4 1102 true
53 20 4 1153 true
54 20 4 1173 true
55 20 4 1169 true
56 20 4 987 true
57 20 4 1084 true
58 20 4 1091 true
59 20 4 1094 true
60 20 4 989 true
61 20 4 992 true
62 20 4 1073 true
63 20 4 1111 true
64 20 4 1088 true
65 20 4 1100 true
66 20 4 986 true
67 20 4 1209 true
68 20 4 1133 true
69 20 4 1168 true
70 20 4 1050 true
71 20 4 1074 true
72 20 4 990 true
73 20 4 1099 true
74 20 4 1081 true
75 20 4 1155 true
76 20 4 1113 true
77 20 4 1021 true
78 20 4 1070 true
79 20 4 1094 true
80 20 4 1030 true
81 20 4 1105 true
82 20 4 1058 true
83 20 4 1169 true
84 20 4 1097 true
85 20 4 1251 true
86 20 4 960 true
87 20 4 1026 true
88 20 4 943 true
89 20 4 992 true
90 20 4 1177 true
91 20 4 958 true
92 20 4 753 true
93 20 4 875 true
94 20 4 1032 true
95 20 4 1031 true
96 20 4 1023 true
97 20 4 1023 true
98 20 4 1043 true
99 20 4 870 true

