CycleId NumofObj NumofAct NumofEnv SynTime SynStatus Solution
0 80 2 2267 true
1 80 2 2173 true
2 80 2 2013 true
3 80 2 2117 true
4 80 2 2050 true
5 80 2 1955 true
6 80 2 2176 true
7 80 2 1977 true
8 80 2 1972 true
9 80 2 2213 true
10 80 2 2119 true
11 80 2 2124 true
12 80 2 1967 true
13 80 2 1995 true
14 80 2 1962 true
15 80 2 2062 true
16 80 2 2035 true
17 80 2 2008 true
18 80 2 2146 true
19 80 2 2006 true
20 80 2 1999 true
21 80 2 2017 true
22 80 2 1999 true
23 80 2 1957 true
24 80 2 2185 true
25 80 2 2010 true
26 80 2 2291 true
27 80 2 1701 true
28 80 2 1669 true
29 80 2 1622 true
30 80 2 1625 true
31 80 2 1649 true
32 80 2 1581 true
33 80 2 1640 true
34 80 2 1756 true
35 80 2 1594 true
36 80 2 1600 true
37 80 2 1612 true
38 80 2 1617 true
39 80 2 1618 true
40 80 2 1755 true
41 80 2 1649 true
42 80 2 1601 true
43 80 2 1680 true
44 80 2 1628 true
45 80 2 1581 true
46 80 2 1631 true
47 80 2 1633 true
48 80 2 1593 true
49 80 2 1764 true
50 80 2 1657 true
51 80 2 1591 true
52 80 2 1639 true
53 80 2 1631 true
54 80 2 1574 true
55 80 2 1628 true
56 80 2 1633 true
57 80 2 1574 true
58 80 2 1666 true
59 80 2 1612 true
60 80 2 1593 true
61 80 2 1637 true
62 80 2 1616 true
63 80 2 1646 true
64 80 2 1620 true
65 80 2 1630 true
66 80 2 1624 true
67 80 2 1625 true
68 80 2 1576 true
69 80 2 1951 true
70 80 2 1649 true
71 80 2 1654 true
72 80 2 1622 true
73 80 2 1656 true
74 80 2 1639 true
75 80 2 1675 true
76 80 2 1639 true
77 80 2 1649 true
78 80 2 1613 true
79 80 2 1650 true
80 80 2 1662 true
81 80 2 1592 true
82 80 2 1674 true
83 80 2 1693 true
84 80 2 1547 true
85 80 2 1610 true
86 80 2 1647 true
87 80 2 1580 true
88 80 2 1625 true
89 80 2 1615 true
90 80 2 1588 true
91 80 2 1657 true
92 80 2 1621 true
93 80 2 1594 true
94 80 2 1635 true
95 80 2 1634 true
96 80 2 1624 true
97 80 2 1648 true
98 80 2 1597 true
99 80 2 1640 true

