CycleId NumofObj NumofAct NumofEnv SynTime SynStatus Solution
0 20 2 3138 true
1 20 2 1141 true
2 20 2 1122 true
3 20 2 1047 true
4 20 2 846 true
5 20 2 897 true
6 20 2 847 true
7 20 2 766 true
8 20 2 683 true
9 20 2 804 true
10 20 2 856 true
11 20 2 790 true
12 20 2 884 true
13 20 2 727 true
14 20 2 664 true
15 20 2 801 true
16 20 2 775 true
17 20 2 741 true
18 20 2 768 true
19 20 2 799 true
20 20 2 651 true
21 20 2 610 true
22 20 2 556 true
23 20 2 657 true
24 20 2 632 true
25 20 2 730 true
26 20 2 653 true
27 20 2 584 true
28 20 2 632 true
29 20 2 590 true
30 20 2 562 true
31 20 2 622 true
32 20 2 635 true
33 20 2 638 true
34 20 2 655 true
35 20 2 676 true
36 20 2 606 true
37 20 2 621 true
38 20 2 647 true
39 20 2 654 true
40 20 2 498 true
41 20 2 544 true
42 20 2 580 true
43 20 2 582 true
44 20 2 580 true
45 20 2 532 true
46 20 2 570 true
47 20 2 469 true
48 20 2 568 true
49 20 2 510 true
50 20 2 507 true
51 20 2 559 true
52 20 2 562 true
53 20 2 563 true
54 20 2 635 true
55 20 2 644 true
56 20 2 592 true
57 20 2 621 true
58 20 2 570 true
59 20 2 547 true
60 20 2 604 true
61 20 2 630 true
62 20 2 600 true
63 20 2 639 true
64 20 2 598 true
65 20 2 644 true
66 20 2 640 true
67 20 2 443 true
68 20 2 394 true
69 20 2 409 true
70 20 2 576 true
71 20 2 589 true
72 20 2 615 true
73 20 2 591 true
74 20 2 664 true
75 20 2 562 true
76 20 2 604 true
77 20 2 620 true
78 20 2 628 true
79 20 2 589 true
80 20 2 505 true
81 20 2 581 true
82 20 2 759 true
83 20 2 607 true
84 20 2 621 true
85 20 2 738 true
86 20 2 553 true
87 20 2 613 true
88 20 2 626 true
89 20 2 582 true
90 20 2 636 true
91 20 2 575 true
92 20 2 519 true
93 20 2 569 true
94 20 2 652 true
95 20 2 564 true
96 20 2 638 true
97 20 2 621 true
98 20 2 731 true
99 20 2 484 true

