CycleId NumofObj NumofAct NumofEnv SynTime SynStatus Solution
0 60 4 1943 true
1 60 4 2076 true
2 60 4 1990 true
3 60 4 3399 true
4 60 4 3515 true
5 60 4 3408 true
6 60 4 1877 true
7 60 4 2057 true
8 60 4 3122 true
9 60 4 1839 true
10 60 4 2043 true
11 60 4 1852 true
12 60 4 1896 true
13 60 4 3243 true
14 60 4 1884 true
15 60 4 2101 true
16 60 4 1820 true
17 60 4 1888 true
18 60 4 3268 true
19 60 4 3023 true
20 60 4 2027 true
21 60 4 2053 true
22 60 4 2909 true
23 60 4 3064 true
24 60 4 2170 true
25 60 4 1488 true
26 60 4 1909 true
27 60 4 2911 true
28 60 4 3039 true
29 60 4 1761 true
30 60 4 1578 true
31 60 4 1574 true
32 60 4 2691 true
33 60 4 1491 true
34 60 4 1575 true
35 60 4 1502 true
36 60 4 1483 true
37 60 4 1494 true
38 60 4 1632 true
39 60 4 1455 true
40 60 4 1490 true
41 60 4 1469 true
42 60 4 1485 true
43 60 4 1498 true
44 60 4 1474 true
45 60 4 1582 true
46 60 4 1474 true
47 60 4 1486 true
48 60 4 1501 true
49 60 4 1492 true
50 60 4 1463 true
51 60 4 1472 true
52 60 4 1650 true
53 60 4 1537 true
54 60 4 1496 true
55 60 4 1548 true
56 60 4 1498 true
57 60 4 1458 true
58 60 4 1493 true
59 60 4 1516 true
60 60 4 1454 true
61 60 4 1517 true
62 60 4 1471 true
63 60 4 1538 true
64 60 4 1451 true
65 60 4 1513 true
66 60 4 1478 true
67 60 4 1484 true
68 60 4 1470 true
69 60 4 1474 true
70 60 4 1777 true
71 60 4 1471 true
72 60 4 1512 true
73 60 4 1472 true
74 60 4 1460 true
75 60 4 1510 true
76 60 4 1488 true
77 60 4 1475 true
78 60 4 1460 true
79 60 4 1528 true
80 60 4 1498 true
81 60 4 1476 true
82 60 4 1558 true
83 60 4 1517 true
84 60 4 1485 true
85 60 4 1550 true
86 60 4 1541 true
87 60 4 1472 true
88 60 4 1479 true
89 60 4 1517 true
90 60 4 1458 true
91 60 4 1502 true
92 60 4 1440 true
93 60 4 1493 true
94 60 4 1527 true
95 60 4 1479 true
96 60 4 1462 true
97 60 4 1594 true
98 60 4 1481 true
99 60 4 1465 true

