CycleId NumofObj NumofAct NumofEnv SynTime SynStatus Solution
0 10 10 4726 true
1 10 10 2964 true
2 10 10 1480 true
3 10 10 2332 true
4 10 10 1660 true
5 10 10 1665 true
6 10 10 1302 true
7 10 10 1304 true
8 10 10 1336 true
9 10 10 1330 true
10 10 10 1307 true
11 10 10 1234 true
12 10 10 1501 true
13 10 10 1642 true
14 10 10 1646 true
15 10 10 1688 true
16 10 10 1663 true
17 10 10 1676 true
18 10 10 1802 true
19 10 10 1800 true
20 10 10 1836 true
21 10 10 1744 true
22 10 10 1703 true
23 10 10 1817 true
24 10 10 1748 true
25 10 10 1963 true
26 10 10 1717 true
27 10 10 1680 true
28 10 10 1695 true
29 10 10 1682 true
30 10 10 1651 true
31 10 10 1844 true
32 10 10 1681 true
33 10 10 1742 true
34 10 10 1649 true
35 10 10 1672 true
36 10 10 1660 true
37 10 10 1730 true
38 10 10 1659 true
39 10 10 1656 true
40 10 10 1698 true
41 10 10 1662 true
42 10 10 1711 true
43 10 10 1696 true
44 10 10 1854 true
45 10 10 1736 true
46 10 10 1456 true
47 10 10 1667 true
48 10 10 1646 true
49 10 10 1719 true
50 10 10 1829 true
51 10 10 1692 true
52 10 10 1712 true
53 10 10 1693 true
54 10 10 1755 true
55 10 10 1893 true
56 10 10 1829 true
57 10 10 1938 true
58 10 10 1706 true
59 10 10 1748 true
60 10 10 1664 true
61 10 10 1525 true
62 10 10 1791 true
63 10 10 1794 true
64 10 10 1978 true
65 10 10 1724 true
66 10 10 1538 true
67 10 10 1679 true
68 10 10 1667 true
69 10 10 1750 true
70 10 10 1632 true
71 10 10 1621 true
72 10 10 1562 true
73 10 10 1611 true
74 10 10 1676 true
75 10 10 1711 true
76 10 10 1324 true
77 10 10 1720 true
78 10 10 1814 true
79 10 10 1669 true
80 10 10 1796 true
81 10 10 1759 true
82 10 10 1541 true
83 10 10 1514 true
84 10 10 1667 true
85 10 10 1807 true
86 10 10 1639 true
87 10 10 1582 true
88 10 10 1594 true
89 10 10 1657 true
90 10 10 1782 true
91 10 10 1749 true
92 10 10 1639 true
93 10 10 1736 true
94 10 10 1665 true
95 10 10 1421 true
96 10 10 1660 true
97 10 10 1628 true
98 10 10 1767 true
99 10 10 1649 true

