CycleId NumofObj NumofAct NumofEnv SynTime SynStatus Solution
0 100 2 2213 true
1 100 2 2275 true
2 100 2 2147 true
3 100 2 2228 true
4 100 2 2181 true
5 100 2 2192 true
6 100 2 2241 true
7 100 2 2226 true
8 100 2 2204 true
9 100 2 2281 true
10 100 2 2211 true
11 100 2 2261 true
12 100 2 2243 true
13 100 2 2215 true
14 100 2 2201 true
15 100 2 2277 true
16 100 2 2177 true
17 100 2 2208 true
18 100 2 2217 true
19 100 2 2225 true
20 100 2 2146 true
21 100 2 2169 true
22 100 2 2334 true
23 100 2 2197 true
24 100 2 2976 true
25 100 2 2377 true
26 100 2 2218 true
27 100 2 2259 true
28 100 2 2232 true
29 100 2 2245 true
30 100 2 2191 true
31 100 2 2176 true
32 100 2 2284 true
33 100 2 2149 true
34 100 2 2883 true
35 100 2 2200 true
36 100 2 2192 true
37 100 2 2194 true
38 100 2 2225 true
39 100 2 2179 true
40 100 2 2184 true
41 100 2 2207 true
42 100 2 2219 true
43 100 2 2213 true
44 100 2 2249 true
45 100 2 2174 true
46 100 2 2198 true
47 100 2 2224 true
48 100 2 2175 true
49 100 2 2350 true
50 100 2 2184 true
51 100 2 2237 true
52 100 2 2178 true
53 100 2 2212 true
54 100 2 2654 true
55 100 2 2206 true
56 100 2 2213 true
57 100 2 2171 true
58 100 2 2194 true
59 100 2 2171 true
60 100 2 2210 true
61 100 2 2324 true
62 100 2 2180 true
63 100 2 2202 true
64 100 2 2206 true
65 100 2 2167 true
66 100 2 2687 true
67 100 2 2203 true
68 100 2 2410 true
69 100 2 2389 true
70 100 2 2219 true
71 100 2 2243 true
72 100 2 2208 true
73 100 2 2214 true
74 100 2 2207 true
75 100 2 2236 true
76 100 2 2264 true
77 100 2 2323 true
78 100 2 2211 true
79 100 2 2171 true
80 100 2 2504 true
81 100 2 2248 true
82 100 2 2119 true
83 100 2 2195 true
84 100 2 2179 true
85 100 2 2832 true
86 100 2 2183 true
87 100 2 2180 true
88 100 2 2175 true
89 100 2 2199 true
90 100 2 2230 true
91 100 2 2221 true
92 100 2 2268 true
93 100 2 2231 true
94 100 2 2148 true
95 100 2 2192 true
96 100 2 2200 true
97 100 2 2337 true
98 100 2 2203 true
99 100 2 2165 true

