CycleId NumofObj NumofAct NumofEnv SynTime SynStatus Solution
0 100 4 31901 true
1 100 4 32835 true
2 100 4 32768 true
3 100 4 32642 true
4 100 4 32721 true
5 100 4 32641 true
6 100 4 31174 true
7 100 4 32142 true
8 100 4 32234 true
9 100 4 32112 true
10 100 4 32264 true
11 100 4 33343 true
12 100 4 32253 true
13 100 4 32209 true
14 100 4 32439 true
15 100 4 32534 true
16 100 4 31023 true
17 100 4 32185 true
18 100 4 32011 true
19 100 4 32055 true
20 100 4 32134 true
21 100 4 32192 true
22 100 4 32186 true
23 100 4 32366 true
24 100 4 32155 true
25 100 4 31040 true
26 100 4 32289 true
27 100 4 32161 true
28 100 4 32106 true
29 100 4 32176 true
30 100 4 32294 true
31 100 4 31022 true
32 100 4 31042 true
33 100 4 31057 true
34 100 4 31154 true
35 100 4 32150 true
36 100 4 31076 true
37 100 4 30993 true
38 100 4 32039 true
39 100 4 32020 true
40 100 4 32155 true
41 100 4 32144 true
42 100 4 32198 true
43 100 4 32110 true
44 100 4 32192 true
45 100 4 31212 true
46 100 4 32242 true
47 100 4 32235 true
48 100 4 32119 true
49 100 4 32219 true
50 100 4 32200 true
51 100 4 32179 true
52 100 4 32306 true
53 100 4 32349 true
54 100 4 31065 true
55 100 4 32164 true
56 100 4 32143 true
57 100 4 32093 true
58 100 4 32122 true
59 100 4 32456 true
60 100 4 32185 true
61 100 4 32185 true
62 100 4 32195 true
63 100 4 31021 true
64 100 4 30939 true
65 100 4 32039 true
66 100 4 32127 true
67 100 4 32080 true
68 100 4 32288 true
69 100 4 30697 true
70 100 4 31785 true
71 100 4 31767 true
72 100 4 30708 true
73 100 4 30657 true
74 100 4 31779 true
75 100 4 31692 true
76 100 4 30679 true
77 100 4 31738 true
78 100 4 31850 true
79 100 4 30749 true
80 100 4 31696 true
81 100 4 31818 true
82 100 4 31844 true
83 100 4 30890 true
84 100 4 31824 true
85 100 4 31767 true
86 100 4 31739 true
87 100 4 33942 true
88 100 4 31934 true
89 100 4 31836 true
90 100 4 30874 true
91 100 4 31812 true
92 100 4 31716 true
93 100 4 30712 true
94 100 4 31748 true
95 100 4 31774 true
96 100 4 31995 true
97 100 4 31837 true
98 100 4 31723 true
99 100 4 31654 true

