CycleId NumofAct NumofEnv SynTime SynStatus NumofCandidate
0 30 4 703 true 3
1 30 4 697 true 3
2 30 4 701 true 3
3 30 4 681 true 3
4 30 4 701 true 3
5 30 4 669 true 3
6 30 4 692 true 3
7 30 4 690 true 3
8 30 4 682 true 3
9 30 4 694 true 3
10 30 4 682 true 3
11 30 4 698 true 3
12 30 4 703 true 3
13 30 4 666 true 3
14 30 4 696 true 3
15 30 4 690 true 3
16 30 4 694 true 3
17 30 4 687 true 3
18 30 4 693 true 3
19 30 4 700 true 3
20 30 4 700 true 3
21 30 4 693 true 3
22 30 4 698 true 3
23 30 4 714 true 3
24 30 4 709 true 3
25 30 4 707 true 3
26 30 4 690 true 3
27 30 4 700 true 3
28 30 4 695 true 3
29 30 4 697 true 3
30 30 4 707 true 3
31 30 4 699 true 3
32 30 4 695 true 3
33 30 4 693 true 3
34 30 4 699 true 3
35 30 4 705 true 3
36 30 4 697 true 3
37 30 4 697 true 3
38 30 4 714 true 3
39 30 4 707 true 3
40 30 4 710 true 3
41 30 4 718 true 3
42 30 4 706 true 3
43 30 4 700 true 3
44 30 4 699 true 3
45 30 4 703 true 3
46 30 4 704 true 3
47 30 4 721 true 3
48 30 4 712 true 3
49 30 4 691 true 3
50 30 4 695 true 3
51 30 4 687 true 3
52 30 4 688 true 3
53 30 4 670 true 3
54 30 4 669 true 3
55 30 4 678 true 3
56 30 4 674 true 3
57 30 4 684 true 3
58 30 4 685 true 3
59 30 4 674 true 3
60 30 4 677 true 3
61 30 4 678 true 3
62 30 4 669 true 3
63 30 4 692 true 3
64 30 4 689 true 3
65 30 4 694 true 3
66 30 4 683 true 3
67 30 4 708 true 3
68 30 4 689 true 3
69 30 4 701 true 3
70 30 4 687 true 3
71 30 4 688 true 3
72 30 4 690 true 3
73 30 4 691 true 3
74 30 4 693 true 3
75 30 4 702 true 3
76 30 4 698 true 3
77 30 4 682 true 3
78 30 4 697 true 3
79 30 4 693 true 3
80 30 4 699 true 3
81 30 4 686 true 3
82 30 4 700 true 3
83 30 4 685 true 3
84 30 4 701 true 3
85 30 4 695 true 3
86 30 4 703 true 3
87 30 4 714 true 3
88 30 4 697 true 3
89 30 4 703 true 3
90 30 4 698 true 3
91 30 4 702 true 3
92 30 4 704 true 3
93 30 4 700 true 3
94 30 4 707 true 3
95 30 4 695 true 3
96 30 4 691 true 3
97 30 4 696 true 3
98 30 4 700 true 3
99 30 4 699 true 3
100 30 4 797 true 3
101 30 4 693 true 3
102 30 4 683 true 3
103 30 4 728 true 3
104 30 4 673 true 3
105 30 4 686 true 3
106 30 4 662 true 3
107 30 4 677 true 3
108 30 4 668 true 3
109 30 4 682 true 3
110 30 4 697 true 3
111 30 4 691 true 3
112 30 4 682 true 3
113 30 4 692 true 3
114 30 4 690 true 3
115 30 4 689 true 3
116 30 4 713 true 3
117 30 4 705 true 3
118 30 4 693 true 3
119 30 4 690 true 3
120 30 4 694 true 3
121 30 4 683 true 3
122 30 4 689 true 3
123 30 4 688 true 3
124 30 4 706 true 3
125 30 4 699 true 3
126 30 4 709 true 3
127 30 4 705 true 3
128 30 4 693 true 3
129 30 4 684 true 3
130 30 4 682 true 3
131 30 4 689 true 3
132 30 4 701 true 3
133 30 4 758 true 3
134 30 4 691 true 3
135 30 4 693 true 3
136 30 4 697 true 3
137 30 4 698 true 3
138 30 4 697 true 3
139 30 4 698 true 3
140 30 4 669 true 3
141 30 4 716 true 3
142 30 4 695 true 3
143 30 4 702 true 3
144 30 4 691 true 3
145 30 4 713 true 3
146 30 4 693 true 3
147 30 4 700 true 3
148 30 4 675 true 3
149 30 4 676 true 3
150 30 4 691 true 3
151 30 4 665 true 3
152 30 4 677 true 3
153 30 4 677 true 3
154 30 4 689 true 3
155 30 4 689 true 3
156 30 4 687 true 3
157 30 4 702 true 3
158 30 4 697 true 3
159 30 4 690 true 3
160 30 4 694 true 3
161 30 4 706 true 3
162 30 4 696 true 3
163 30 4 693 true 3
164 30 4 706 true 3
165 30 4 716 true 3
166 30 4 699 true 3
167 30 4 693 true 3
168 30 4 711 true 3
169 30 4 688 true 3
170 30 4 683 true 3
171 30 4 695 true 3
172 30 4 693 true 3
173 30 4 685 true 3
174 30 4 695 true 3
175 30 4 703 true 3
176 30 4 687 true 3
177 30 4 695 true 3
178 30 4 706 true 3
179 30 4 690 true 3
180 30 4 708 true 3
181 30 4 707 true 3
182 30 4 770 true 3
183 30 4 668 true 3
184 30 4 673 true 3
185 30 4 673 true 3
186 30 4 674 true 3
187 30 4 683 true 3
188 30 4 692 true 3
189 30 4 686 true 3
190 30 4 680 true 3
191 30 4 693 true 3
192 30 4 690 true 3
193 30 4 689 true 3
194 30 4 693 true 3
195 30 4 680 true 3
196 30 4 677 true 3
197 30 4 687 true 3
198 30 4 679 true 3
199 30 4 695 true 3
200 30 4 679 true 3
201 30 4 681 true 3
202 30 4 680 true 3
203 30 4 702 true 3
204 30 4 697 true 3
205 30 4 689 true 3
206 30 4 689 true 3
207 30 4 688 true 3
208 30 4 687 true 3
209 30 4 692 true 3
210 30 4 696 true 3
211 30 4 680 true 3
212 30 4 679 true 3
213 30 4 690 true 3
214 30 4 698 true 3
215 30 4 690 true 3
216 30 4 689 true 3
217 30 4 691 true 3
218 30 4 707 true 3
219 30 4 696 true 3
220 30 4 688 true 3
221 30 4 693 true 3
222 30 4 699 true 3
223 30 4 678 true 3
224 30 4 682 true 3
225 30 4 688 true 3
226 30 4 671 true 3
227 30 4 673 true 3
228 30 4 675 true 3
229 30 4 692 true 3
230 30 4 678 true 3
231 30 4 678 true 3
232 30 4 691 true 3
233 30 4 685 true 3
234 30 4 669 true 3
235 30 4 679 true 3
236 30 4 690 true 3
237 30 4 716 true 3
238 30 4 683 true 3
239 30 4 688 true 3
240 30 4 695 true 3
241 30 4 689 true 3
242 30 4 688 true 3
243 30 4 696 true 3
244 30 4 691 true 3
245 30 4 688 true 3
246 30 4 689 true 3
247 30 4 695 true 3
248 30 4 692 true 3
249 30 4 690 true 3
250 30 4 705 true 3
251 30 4 697 true 3
252 30 4 686 true 3
253 30 4 689 true 3
254 30 4 682 true 3
255 30 4 702 true 3
256 30 4 693 true 3
257 30 4 695 true 3
258 30 4 703 true 3
259 30 4 704 true 3
260 30 4 712 true 3
261 30 4 690 true 3
262 30 4 688 true 3
263 30 4 693 true 3
264 30 4 693 true 3
265 30 4 698 true 3
266 30 4 788 true 3
267 30 4 699 true 3
268 30 4 669 true 3
269 30 4 669 true 3
270 30 4 669 true 3
271 30 4 677 true 3
272 30 4 680 true 3
273 30 4 676 true 3
274 30 4 678 true 3
275 30 4 693 true 3
276 30 4 673 true 3
277 30 4 710 true 3
278 30 4 687 true 3
279 30 4 695 true 3
280 30 4 695 true 3
281 30 4 689 true 3
282 30 4 700 true 3
283 30 4 689 true 3
284 30 4 686 true 3
285 30 4 684 true 3
286 30 4 688 true 3
287 30 4 689 true 3
288 30 4 691 true 3
289 30 4 688 true 3
290 30 4 689 true 3
291 30 4 690 true 3
292 30 4 701 true 3
293 30 4 689 true 3
294 30 4 689 true 3
295 30 4 685 true 3
296 30 4 694 true 3
297 30 4 698 true 3
298 30 4 693 true 3
299 30 4 696 true 3
300 30 4 697 true 3
301 30 4 695 true 3
302 30 4 698 true 3
303 30 4 686 true 3
304 30 4 686 true 3
305 30 4 693 true 3
306 30 4 692 true 3
307 30 4 693 true 3
308 30 4 781 true 3
309 30 4 656 true 3
310 30 4 650 true 3
311 30 4 661 true 3
312 30 4 660 true 3
313 30 4 657 true 3
314 30 4 664 true 3
315 30 4 673 true 3
316 30 4 657 true 3
317 30 4 672 true 3
318 30 4 840 true 3
319 30 4 659 true 3
320 30 4 667 true 3
321 30 4 676 true 3
322 30 4 668 true 3
323 30 4 688 true 3
324 30 4 650 true 3
325 30 4 682 true 3
326 30 4 669 true 3
327 30 4 673 true 3
328 30 4 680 true 3
329 30 4 661 true 3
330 30 4 693 true 3
331 30 4 698 true 3
332 30 4 677 true 3
333 30 4 688 true 3
334 30 4 678 true 3
335 30 4 693 true 3
336 30 4 688 true 3
337 30 4 701 true 3
338 30 4 684 true 3
339 30 4 682 true 3
340 30 4 701 true 3
341 30 4 689 true 3
342 30 4 691 true 3
343 30 4 691 true 3
344 30 4 698 true 3
345 30 4 708 true 3
346 30 4 702 true 3
347 30 4 693 true 3
348 30 4 703 true 3
349 30 4 704 true 3
350 30 4 700 true 3
351 30 4 701 true 3
352 30 4 703 true 3
353 30 4 709 true 3
354 30 4 717 true 3
355 30 4 716 true 3
356 30 4 708 true 3
357 30 4 708 true 3
358 30 4 699 true 3
359 30 4 699 true 3
360 30 4 695 true 3
361 30 4 694 true 3
362 30 4 699 true 3
363 30 4 697 true 3
364 30 4 692 true 3
365 30 4 687 true 3
366 30 4 686 true 3
367 30 4 694 true 3
368 30 4 703 true 3
369 30 4 695 true 3
370 30 4 691 true 3
371 30 4 706 true 3
372 30 4 702 true 3
373 30 4 696 true 3
374 30 4 693 true 3
375 30 4 704 true 3
376 30 4 699 true 3
377 30 4 709 true 3
378 30 4 714 true 3
379 30 4 710 true 3
380 30 4 707 true 3
381 30 4 743 true 3
382 30 4 704 true 3
383 30 4 696 true 3
384 30 4 719 true 3
385 30 4 701 true 3
386 30 4 702 true 3
387 30 4 723 true 3
388 30 4 698 true 3
389 30 4 700 true 3
390 30 4 699 true 3
391 30 4 698 true 3
392 30 4 692 true 3
393 30 4 694 true 3
394 30 4 696 true 3
395 30 4 696 true 3
396 30 4 684 true 3
397 30 4 696 true 3
398 30 4 694 true 3
399 30 4 703 true 3
400 30 4 685 true 3
401 30 4 696 true 3
402 30 4 721 true 3
403 30 4 955 true 3
404 30 4 690 true 3
405 30 4 686 true 3
406 30 4 689 true 3
407 30 4 664 true 3
408 30 4 685 true 3
409 30 4 678 true 3
410 30 4 696 true 3
411 30 4 674 true 3
412 30 4 681 true 3
413 30 4 688 true 3
414 30 4 681 true 3
415 30 4 698 true 3
416 30 4 700 true 3
417 30 4 689 true 3
418 30 4 685 true 3
419 30 4 683 true 3
420 30 4 693 true 3
421 30 4 691 true 3
422 30 4 691 true 3
423 30 4 715 true 3
424 30 4 690 true 3
425 30 4 683 true 3
426 30 4 687 true 3
427 30 4 693 true 3
428 30 4 686 true 3
429 30 4 692 true 3
430 30 4 695 true 3
431 30 4 698 true 3
432 30 4 693 true 3
433 30 4 694 true 3
434 30 4 697 true 3
435 30 4 692 true 3
436 30 4 690 true 3
437 30 4 708 true 3
438 30 4 689 true 3
439 30 4 700 true 3
440 30 4 681 true 3
441 30 4 705 true 3
442 30 4 673 true 3
443 30 4 707 true 3
444 30 4 795 true 3
445 30 4 697 true 3
446 30 4 805 true 3
447 30 4 706 true 3
448 30 4 672 true 3
449 30 4 706 true 3
450 30 4 696 true 3
451 30 4 732 true 3
452 30 4 697 true 3
453 30 4 693 true 3
454 30 4 712 true 3
455 30 4 677 true 3
456 30 4 768 true 3
457 30 4 702 true 3
458 30 4 681 true 3
459 30 4 732 true 3
460 30 4 695 true 3
461 30 4 670 true 3
462 30 4 808 true 3
463 30 4 738 true 3
464 30 4 707 true 3
465 30 4 676 true 3
466 30 4 733 true 3
467 30 4 688 true 3
468 30 4 668 true 3
469 30 4 804 true 3
470 30 4 719 true 3
471 30 4 713 true 3
472 30 4 670 true 3
473 30 4 772 true 3
474 30 4 696 true 3
475 30 4 694 true 3
476 30 4 672 true 3
477 30 4 671 true 3
478 30 4 733 true 3
479 30 4 694 true 3
480 30 4 672 true 3
481 30 4 656 true 3
482 30 4 744 true 3
483 30 4 691 true 3
484 30 4 673 true 3
485 30 4 659 true 3
486 30 4 677 true 3
487 30 4 769 true 3
488 30 4 689 true 3
489 30 4 679 true 3
490 30 4 656 true 3
491 30 4 651 true 3
492 30 4 739 true 3
493 30 4 688 true 3
494 30 4 670 true 3
495 30 4 679 true 3
496 30 4 653 true 3
497 30 4 894 true 3
498 30 4 702 true 3
499 30 4 690 true 3
500 30 4 667 true 3
501 30 4 671 true 3
502 30 4 669 true 3
503 30 4 787 true 3
504 30 4 695 true 3
505 30 4 672 true 3
506 30 4 655 true 3
507 30 4 652 true 3
508 30 4 692 true 3
509 30 4 801 true 3
510 30 4 686 true 3
511 30 4 668 true 3
512 30 4 659 true 3
513 30 4 652 true 3
514 30 4 654 true 3
515 30 4 785 true 3
516 30 4 689 true 3
517 30 4 673 true 3
518 30 4 660 true 3
519 30 4 653 true 3
520 30 4 654 true 3
521 30 4 735 true 3
522 30 4 840 true 3
523 30 4 689 true 3
524 30 4 667 true 3
525 30 4 658 true 3
526 30 4 660 true 3
527 30 4 653 true 3
528 30 4 660 true 3
529 30 4 826 true 3
530 30 4 706 true 3
531 30 4 668 true 3
532 30 4 657 true 3
533 30 4 677 true 3
534 30 4 666 true 3
535 30 4 670 true 3
536 30 4 879 true 3
537 30 4 751 true 3
538 30 4 691 true 3
539 30 4 675 true 3
540 30 4 650 true 3
541 30 4 659 true 3
542 30 4 653 true 3
543 30 4 657 true 3
544 30 4 834 true 3
545 30 4 705 true 3
546 30 4 678 true 3
547 30 4 656 true 3
548 30 4 648 true 3
549 30 4 643 true 3
550 30 4 653 true 3
551 30 4 669 true 3
552 30 4 808 true 3
553 30 4 725 true 3
554 30 4 689 true 3
555 30 4 693 true 3
556 30 4 656 true 3
557 30 4 658 true 3
558 30 4 657 true 3
559 30 4 662 true 3
560 30 4 713 true 3
561 30 4 793 true 3
562 30 4 689 true 3
563 30 4 675 true 3
564 30 4 662 true 3
565 30 4 649 true 3
566 30 4 760 true 3
567 30 4 655 true 3
568 30 4 678 true 3
569 30 4 755 true 3
570 30 4 875 true 3
571 30 4 686 true 3
572 30 4 700 true 3
573 30 4 683 true 3
574 30 4 673 true 3
575 30 4 654 true 3
576 30 4 648 true 3
577 30 4 650 true 3
578 30 4 639 true 3
579 30 4 720 true 3
580 30 4 764 true 3
581 30 4 688 true 3
582 30 4 679 true 3
583 30 4 671 true 3
584 30 4 656 true 3
585 30 4 654 true 3
586 30 4 651 true 3
587 30 4 659 true 3
588 30 4 710 true 3
589 30 4 759 true 3
590 30 4 692 true 3
591 30 4 677 true 3
592 30 4 664 true 3
593 30 4 650 true 3
594 30 4 653 true 3
595 30 4 653 true 3
596 30 4 658 true 3
597 30 4 658 true 3
598 30 4 792 true 3
599 30 4 692 true 3
600 30 4 674 true 3
601 30 4 675 true 3
602 30 4 667 true 3
603 30 4 652 true 3
604 30 4 654 true 3
605 30 4 651 true 3
606 30 4 648 true 3
607 30 4 805 true 3
608 30 4 694 true 3
609 30 4 679 true 3
610 30 4 664 true 3
611 30 4 656 true 3
612 30 4 652 true 3
613 30 4 652 true 3
614 30 4 686 true 3
615 30 4 652 true 3
616 30 4 1089 true 3
617 30 4 651 true 3
618 30 4 648 true 3
619 30 4 649 true 3
620 30 4 644 true 3
621 30 4 649 true 3
622 30 4 648 true 3
623 30 4 650 true 3
624 30 4 645 true 3
625 30 4 684 true 3
626 30 4 655 true 3
627 30 4 654 true 3
628 30 4 643 true 3
629 30 4 646 true 3
630 30 4 651 true 3
631 30 4 656 true 3
632 30 4 653 true 3
633 30 4 704 true 3
634 30 4 653 true 3
635 30 4 651 true 3
636 30 4 657 true 3
637 30 4 648 true 3
638 30 4 645 true 3
639 30 4 652 true 3
640 30 4 659 true 3
641 30 4 729 true 3
642 30 4 645 true 3
643 30 4 649 true 3
644 30 4 662 true 3
645 30 4 644 true 3
646 30 4 645 true 3
647 30 4 650 true 3
648 30 4 662 true 3
649 30 4 703 true 3
650 30 4 649 true 3
651 30 4 649 true 3
652 30 4 649 true 3
653 30 4 651 true 3
654 30 4 656 true 3
655 30 4 653 true 3
656 30 4 655 true 3
657 30 4 679 true 3
658 30 4 654 true 3
659 30 4 660 true 3
660 30 4 649 true 3
661 30 4 653 true 3
662 30 4 651 true 3
663 30 4 659 true 3
664 30 4 695 true 3
665 30 4 651 true 3
666 30 4 643 true 3
667 30 4 649 true 3
668 30 4 647 true 3
669 30 4 647 true 3
670 30 4 646 true 3
671 30 4 698 true 3
672 30 4 645 true 3
673 30 4 645 true 3
674 30 4 642 true 3
675 30 4 644 true 3
676 30 4 647 true 3
677 30 4 667 true 3
678 30 4 698 true 3
679 30 4 654 true 3
680 30 4 642 true 3
681 30 4 641 true 3
682 30 4 647 true 3
683 30 4 647 true 3
684 30 4 648 true 3
685 30 4 666 true 3
686 30 4 647 true 3
687 30 4 640 true 3
688 30 4 642 true 3
689 30 4 644 true 3
690 30 4 648 true 3
691 30 4 677 true 3
692 30 4 652 true 3
693 30 4 642 true 3
694 30 4 642 true 3
695 30 4 651 true 3
696 30 4 646 true 3
697 30 4 739 true 3
698 30 4 650 true 3
699 30 4 654 true 3
700 30 4 645 true 3
701 30 4 649 true 3
702 30 4 652 true 3
703 30 4 718 true 3
704 30 4 655 true 3
705 30 4 653 true 3
706 30 4 646 true 3
707 30 4 661 true 3
708 30 4 661 true 3
709 30 4 706 true 3
710 30 4 652 true 3
711 30 4 648 true 3
712 30 4 652 true 3
713 30 4 653 true 3
714 30 4 657 true 3
715 30 4 686 true 3
716 30 4 647 true 3
717 30 4 645 true 3
718 30 4 662 true 3
719 30 4 644 true 3
720 30 4 681 true 3
721 30 4 644 true 3
722 30 4 652 true 3
723 30 4 648 true 3
724 30 4 653 true 3
725 30 4 723 true 3
726 30 4 649 true 3
727 30 4 654 true 3
728 30 4 648 true 3
729 30 4 640 true 3
730 30 4 731 true 3
731 30 4 672 true 3
732 30 4 677 true 3
733 30 4 656 true 3
734 30 4 658 true 3
735 30 4 752 true 3
736 30 4 659 true 3
737 30 4 652 true 3
738 30 4 648 true 3
739 30 4 650 true 3
740 30 4 685 true 3
741 30 4 644 true 3
742 30 4 649 true 3
743 30 4 644 true 3
744 30 4 659 true 3
745 30 4 658 true 3
746 30 4 648 true 3
747 30 4 654 true 3
748 30 4 679 true 3
749 30 4 685 true 3
750 30 4 651 true 3
751 30 4 646 true 3
752 30 4 649 true 3
753 30 4 691 true 3
754 30 4 656 true 3
755 30 4 651 true 3
756 30 4 649 true 3
757 30 4 723 true 3
758 30 4 658 true 3
759 30 4 656 true 3
760 30 4 655 true 3
761 30 4 729 true 3
762 30 4 670 true 3
763 30 4 659 true 3
764 30 4 648 true 3
765 30 4 688 true 3
766 30 4 648 true 3
767 30 4 647 true 3
768 30 4 651 true 3
769 30 4 677 true 3
770 30 4 646 true 3
771 30 4 642 true 3
772 30 4 695 true 3
773 30 4 664 true 3
774 30 4 658 true 3
775 30 4 652 true 3
776 30 4 682 true 3
777 30 4 650 true 3
778 30 4 644 true 3
779 30 4 700 true 3
780 30 4 650 true 3
781 30 4 646 true 3
782 30 4 700 true 3
783 30 4 678 true 3
784 30 4 664 true 3
785 30 4 659 true 3
786 30 4 682 true 3
787 30 4 650 true 3
788 30 4 647 true 3
789 30 4 678 true 3
790 30 4 651 true 3
791 30 4 657 true 3
792 30 4 679 true 3
793 30 4 651 true 3
794 30 4 697 true 3
795 30 4 679 true 3
796 30 4 666 true 3
797 30 4 711 true 3
798 30 4 664 true 3
799 30 4 657 true 3
800 30 4 708 true 3
801 30 4 667 true 3
802 30 4 702 true 3
803 30 4 685 true 3
804 30 4 673 true 3
805 30 4 716 true 3
806 30 4 673 true 3
807 30 4 709 true 3
808 30 4 690 true 3
809 30 4 673 true 3
810 30 4 700 true 3
811 30 4 673 true 3
812 30 4 704 true 3
813 30 4 679 true 3
814 30 4 730 true 3
815 30 4 668 true 3
816 30 4 718 true 3
817 30 4 686 true 3
818 30 4 719 true 3
819 30 4 698 true 3
820 30 4 731 true 3
821 30 4 697 true 3
822 30 4 1086 true 3
823 30 4 682 true 3
824 30 4 703 true 3
825 30 4 668 true 3
826 30 4 703 true 3
827 30 4 664 true 3
828 30 4 690 true 3
829 30 4 666 true 3
830 30 4 678 true 3
831 30 4 686 true 3
832 30 4 682 true 3
833 30 4 697 true 3
834 30 4 708 true 3
835 30 4 687 true 3
836 30 4 707 true 3
837 30 4 681 true 3
838 30 4 705 true 3
839 30 4 701 true 3
840 30 4 689 true 3
841 30 4 700 true 3
842 30 4 711 true 3
843 30 4 685 true 3
844 30 4 700 true 3
845 30 4 709 true 3
846 30 4 699 true 3
847 30 4 702 true 3
848 30 4 706 true 3
849 30 4 679 true 3
850 30 4 701 true 3
851 30 4 710 true 3
852 30 4 683 true 3
853 30 4 713 true 3
854 30 4 678 true 3
855 30 4 703 true 3
856 30 4 710 true 3
857 30 4 669 true 3
858 30 4 705 true 3
859 30 4 709 true 3
860 30 4 676 true 3
861 30 4 705 true 3
862 30 4 702 true 3
863 30 4 704 true 3
864 30 4 697 true 3
865 30 4 701 true 3
866 30 4 685 true 3
867 30 4 705 true 3
868 30 4 706 true 3
869 30 4 700 true 3
870 30 4 704 true 3
871 30 4 712 true 3
872 30 4 730 true 3
873 30 4 697 true 3
874 30 4 703 true 3
875 30 4 714 true 3
876 30 4 687 true 3
877 30 4 714 true 3
878 30 4 680 true 3
879 30 4 717 true 3
880 30 4 709 true 3
881 30 4 698 true 3
882 30 4 713 true 3
883 30 4 681 true 3
884 30 4 708 true 3
885 30 4 720 true 3
886 30 4 696 true 3
887 30 4 722 true 3
888 30 4 727 true 3
889 30 4 692 true 3
890 30 4 719 true 3
891 30 4 726 true 3
892 30 4 704 true 3
893 30 4 712 true 3
894 30 4 687 true 3
895 30 4 699 true 3
896 30 4 679 true 3
897 30 4 673 true 3
898 30 4 698 true 3
899 30 4 659 true 3
900 30 4 685 true 3
901 30 4 671 true 3
902 30 4 677 true 3
903 30 4 699 true 3
904 30 4 648 true 3
905 30 4 678 true 3
906 30 4 695 true 3
907 30 4 669 true 3
908 30 4 687 true 3
909 30 4 685 true 3
910 30 4 650 true 3
911 30 4 675 true 3
912 30 4 676 true 3
913 30 4 692 true 3
914 30 4 677 true 3
915 30 4 682 true 3
916 30 4 675 true 3
917 30 4 692 true 3
918 30 4 655 true 3
919 30 4 693 true 3
920 30 4 685 true 3
921 30 4 680 true 3
922 30 4 687 true 3
923 30 4 661 true 3
924 30 4 695 true 3
925 30 4 669 true 3
926 30 4 697 true 3
927 30 4 691 true 3
928 30 4 684 true 3
929 30 4 717 true 3
930 30 4 667 true 3
931 30 4 704 true 3
932 30 4 708 true 3
933 30 4 687 true 3
934 30 4 699 true 3
935 30 4 694 true 3
936 30 4 694 true 3
937 30 4 721 true 3
938 30 4 685 true 3
939 30 4 717 true 3
940 30 4 689 true 3
941 30 4 686 true 3
942 30 4 701 true 3
943 30 4 681 true 3
944 30 4 703 true 3
945 30 4 680 true 3
946 30 4 721 true 3
947 30 4 680 true 3
948 30 4 722 true 3
949 30 4 681 true 3
950 30 4 712 true 3
951 30 4 674 true 3
952 30 4 709 true 3
953 30 4 678 true 3
954 30 4 680 true 3
955 30 4 677 true 3
956 30 4 671 true 3
957 30 4 693 true 3
958 30 4 655 true 3
959 30 4 680 true 3
960 30 4 649 true 3
961 30 4 675 true 3
962 30 4 689 true 3
963 30 4 663 true 3
964 30 4 692 true 3
965 30 4 660 true 3
966 30 4 676 true 3
967 30 4 682 true 3
968 30 4 677 true 3
969 30 4 684 true 3
970 30 4 716 true 3
971 30 4 679 true 3
972 30 4 685 true 3
973 30 4 676 true 3
974 30 4 690 true 3
975 30 4 656 true 3
976 30 4 680 true 3
977 30 4 658 true 3
978 30 4 701 true 3
979 30 4 666 true 3
980 30 4 697 true 3
981 30 4 660 true 3
982 30 4 699 true 3
983 30 4 657 true 3
984 30 4 712 true 3
985 30 4 660 true 3
986 30 4 711 true 3
987 30 4 672 true 3
988 30 4 721 true 3
989 30 4 675 true 3
990 30 4 713 true 3
991 30 4 654 true 3
992 30 4 696 true 3
993 30 4 664 true 3
994 30 4 701 true 3
995 30 4 661 true 3
996 30 4 692 true 3
997 30 4 699 true 3
998 30 4 681 true 3
999 30 4 694 true 3

