0 3 0 3 10 2 76 790 45 154  true 72/111 3 n0r6   27 true 15 0.9190703046734241 16 0.9400874063432587 n1r7   24 true 13 0.9155853746292596 23 0.9234192672430448 n2r4   23 true 24 0.9692160878120323 10 0.992292710828873 n0r6   27 true 15 0.9190703046734241 16 0.9400874063432587 n1r7   24 true 13 0.9155853746292596 23 0.9234192672430448 n2r4   23 true 24 0.9692160878120323 10 0.992292710828873 n0r6   27 true 15 0.9190703046734241 16 0.9400874063432587 n1r7   24 true 13 0.9155853746292596 23 0.9234192672430448 n2r4   23 true 24 0.9692160878120323 10 0.992292710828873
1 3 0 3 10 2 28 528 13 148  true 72/111 3 n0r8   30 true 12 0.9368531241569809 19 0.9745508180813175 n1r8   17 true 21 0.9533506370394634 18 0.9944729466602892 n2r1   19 true 12 0.9790449902539835 15 0.9640244860181644 n0r8   30 true 12 0.9368531241569809 19 0.9745508180813175 n1r8   17 true 21 0.9533506370394634 18 0.9944729466602892 n2r1   19 true 12 0.9790449902539835 15 0.9640244860181644 n0r8   30 true 12 0.9368531241569809 19 0.9745508180813175 n1r8   17 true 21 0.9533506370394634 18 0.9944729466602892 n2r1   19 true 12 0.9790449902539835 15 0.9640244860181644
0 3 1 3 10 2 15 745 23 24  true 72/111 3 n0r2   35 true 13 0.9675704132980222 44 0.966897707347414 n1r4   17 true 32 0.9830133978272879 23 0.9818823748050284 n2r7   50 true 33 0.964203909840308 10 0.9654263559746259 n0r2   35 true 13 0.9675704132980222 44 0.966897707347414 n1r4   17 true 32 0.9830133978272879 23 0.9818823748050284 n2r7   50 true 33 0.964203909840308 10 0.9654263559746259 n0r2   35 true 13 0.9675704132980222 44 0.966897707347414 n1r4   17 true 32 0.9830133978272879 23 0.9818823748050284 n2r7   50 true 33 0.964203909840308 10 0.9654263559746259
1 3 1 3 10 2 18 771 6 22  true 72/111 3 n0r9   50 true 10 0.974768101484083 48 0.9861590189556482 n1r8   34 true 58 0.9848019171875488 41 0.9897645246002306 n2r3   29 true 50 0.9943678330805497 20 0.9663010416688679 n0r9   50 true 10 0.974768101484083 48 0.9861590189556482 n1r8   34 true 58 0.9848019171875488 41 0.9897645246002306 n2r3   29 true 50 0.9943678330805497 20 0.9663010416688679 n0r9   50 true 10 0.974768101484083 48 0.9861590189556482 n1r8   34 true 58 0.9848019171875488 41 0.9897645246002306 n2r3   29 true 50 0.9943678330805497 20 0.9663010416688679
0 3 0 2 10 2 90 7098 109 120  true 72/111 2 n0r1   26 true 38 0.9105971159352377 36 0.9350337931465307 n1r1   15 true 25 0.9921849613548559 30 0.9724957350483496 n0r1   26 true 38 0.9105971159352377 36 0.9350337931465307 n1r1   15 true 25 0.9921849613548559 30 0.9724957350483496
1 3 0 2 10 2 15 695 40 47  true 72/111 2 n0r8   14 true 18 0.9770690717898015 40 0.9918406972384496 n1r8   10 true 18 0.9095759724610948 25 0.9364631397876207 n0r8   14 true 18 0.9770690717898015 40 0.9918406972384496 n1r8   10 true 18 0.9095759724610948 25 0.9364631397876207
0 3 1 2 10 2 17 1809 21 30  true 72/111 2 n0r6   18 true 57 0.9640443670249165 35 0.9866894936333543 n1r0   21 true 53 0.9691483620225236 44 0.9556576532255718 n0r6   18 true 57 0.9640443670249165 35 0.9866894936333543 n1r0   21 true 53 0.9691483620225236 44 0.9556576532255718
1 3 1 2 10 2 7 810 18 125  true 72/111 2 n0r6   18 true 56 0.971578343897407 40 0.9048038158259614 n1r9   38 true 39 0.9704788438467782 38 0.9986689364067715 n0r6   18 true 56 0.971578343897407 40 0.9048038158259614 n1r9   38 true 39 0.9704788438467782 38 0.9986689364067715
0 3 0 2 10 2 70 2224 90 109  true 72/111 2 n0r7   19 true 12 0.9818899094016541 28 0.9252521496404329 n1r1   18 true 18 0.9990391647854667 13 0.9988905954248083 n0r7   19 true 12 0.9818899094016541 28 0.9252521496404329 n1r1   18 true 18 0.9990391647854667 13 0.9988905954248083
1 3 0 2 10 2 6 668 26 41  true 72/111 2 n0r1   29 true 29 0.953850113801031 29 0.9852211168123401 n1r6   22 true 29 0.9812501750962845 29 0.9730772850872227 n0r1   29 true 29 0.953850113801031 29 0.9852211168123401 n1r6   22 true 29 0.9812501750962845 29 0.9730772850872227
0 3 1 2 10 2 11 1218 18 17  true 72/111 2 n0r4   30 true 55 0.9877780814088019 56 0.9872987231219436 n1r9   20 true 52 0.9998220553287169 12 0.9613082457810509 n0r4   30 true 55 0.9877780814088019 56 0.9872987231219436 n1r9   20 true 52 0.9998220553287169 12 0.9613082457810509
1 3 1 2 10 2 7 748 17 15  true 72/111 2 n0r5   14 true 37 0.9531676041107194 57 0.9530514879316522 n1r3   20 true 39 0.9148925853735438 58 0.9004529285041057 n0r5   14 true 37 0.9531676041107194 57 0.9530514879316522 n1r3   20 true 39 0.9148925853735438 58 0.9004529285041057
