cycle pattern evalMethod numNode numService numBehavior time avgTime status size numSolution Solution
0 0 0 1 10 2 7247  true 72/111 1 n0r0   53 true 22 0.9178360036985046 53 0.9904936831656384
1 0 0 1 10 2 1000  true 72/111 1 n0r0   14 true 11 0.9547107809704072 33 0.9469748912103961
2 0 0 1 10 2 810  true 72/111 1 n0r0   13 true 39 0.901618884732917 22 0.9567078991773212
3 0 0 1 10 2 715  true 72/111 1 n0r0   17 true 24 0.9290139349383961 26 0.9933843016637858
4 0 0 1 10 2 622  true 72/111 1 n0r0   55 true 35 0.9605348742502096 50 0.9569605979990351
5 0 0 1 10 2 615  true 72/111 1 n0r0   43 true 38 0.9768414897354013 37 0.9361454155498777
6 0 0 1 10 2 503  true 72/111 1 n0r0   19 true 55 0.9239592897902673 31 0.9104160935237283
7 0 0 1 10 2 474  true 72/111 1 n0r0   40 true 37 0.938441825858371 25 0.9152745731359995
8 0 0 1 10 2 466  true 72/111 1 n0r0   46 true 28 0.9842203497876642 23 0.9784381762492027
9 0 0 1 10 2 428  true 72/111 1 n0r0   34 true 38 0.924174781711241 42 0.9164556509879672
cycle pattern evalMethod numNode numService numBehavior time avgTime status size numSolution Solution
0 0 1 1 10 2 719  true 72/111 1 n0r1   21 true 45 0.9836845486677851 32 0.9249096128069866
1 0 1 1 10 2 644  true 72/111 1 n0r9   29 true 51 0.9919614431954903 23 0.9817897179368845
2 0 1 1 10 2 748  true 72/111 1 n0r2   10 true 47 0.9686097952436071 24 0.9953876686290106
3 0 1 1 10 2 549  true 72/111 1 n0r8   47 true 41 0.9760105466864699 57 0.9902721597778175
4 0 1 1 10 2 606  true 72/111 1 n0r7   20 true 47 0.9752058726163492 54 0.9780558783338178
5 0 1 1 10 2 617  true 72/111 1 n0r0   15 true 32 0.9404714623974447 37 0.9803289421057251
6 0 1 1 10 2 548  true 72/111 1 n0r5   13 true 59 0.9799248291405395 57 0.9834560215846858
7 0 1 1 10 2 654  true 72/111 1 n0r6   11 true 22 0.9354243620480114 52 0.9830236458684423
8 0 1 1 10 2 535  true 72/111 1 n0r0   41 true 32 0.9710372073107101 58 0.9641318319836291
9 0 1 1 10 2 545  true 72/111 1 n0r8   20 true 59 0.9813986839107189 42 0.964153879303869
cycle pattern evalMethod numNode numService numBehavior time avgTime status size numSolution Solution
0 1 0 2 10 2 1482  true 1472/2291 2 n0r0   21 true 50 0.9669476176928676 24 0.9052461643526226 n1r0   21 true 49 0.9025995486311509 59 0.9829560689876911 n0r0   21 true 50 0.9669476176928676 24 0.9052461643526226 n1r0   21 true 49 0.9025995486311509 59 0.9829560689876911
1 1 0 2 10 2 1506  true 1472/2291 2 n0r0   46 true 12 0.9219975255313667 39 0.9528738890302768 n1r0   27 true 12 0.9346681837585474 58 0.9190462099948861 n0r0   46 true 12 0.9219975255313667 39 0.9528738890302768 n1r0   27 true 12 0.9346681837585474 58 0.9190462099948861
2 1 0 2 10 2 1409  true 1472/2291 2 n0r0   58 true 20 0.9330427063158735 50 0.9025764641136012 n1r0   42 true 24 0.920657919530893 34 0.957974626977857 n0r0   58 true 20 0.9330427063158735 50 0.9025764641136012 n1r0   42 true 24 0.920657919530893 34 0.957974626977857
3 1 0 2 10 2 1370  true 1472/2291 2 n0r0   18 true 53 0.9809969370248153 44 0.9771103298801713 n1r0   51 true 34 0.9717748407428125 24 0.9104399527557466 n0r0   18 true 53 0.9809969370248153 44 0.9771103298801713 n1r0   51 true 34 0.9717748407428125 24 0.9104399527557466
4 1 0 2 10 2 1103  true 1472/2291 2 n0r0   17 true 37 0.9018869498606362 23 0.9217933351038664 n1r0   29 true 45 0.9455951550887249 21 0.9062250193016693 n0r0   17 true 37 0.9018869498606362 23 0.9217933351038664 n1r0   29 true 45 0.9455951550887249 21 0.9062250193016693
5 1 0 2 10 2 1166  true 1472/2291 2 n0r0   55 true 50 0.9186604088638862 52 0.973444997128197 n1r0   13 true 57 0.9590830978520456 17 0.9090895175399968 n0r0   55 true 50 0.9186604088638862 52 0.973444997128197 n1r0   13 true 57 0.9590830978520456 17 0.9090895175399968
6 1 0 2 10 2 1243  true 1472/2291 2 n0r0   59 true 14 0.9722968601276197 21 0.9522724813386756 n1r0   55 true 29 0.9219981627256613 36 0.9131007987490077 n0r0   59 true 14 0.9722968601276197 21 0.9522724813386756 n1r0   55 true 29 0.9219981627256613 36 0.9131007987490077
7 1 0 2 10 2 1083  true 1472/2291 2 n0r0   52 true 20 0.963464559379366 17 0.9728823795462248 n1r0   12 true 11 0.9253619960886432 56 0.9504732933143839 n0r0   52 true 20 0.963464559379366 17 0.9728823795462248 n1r0   12 true 11 0.9253619960886432 56 0.9504732933143839
8 1 0 2 10 2 1123  true 1472/2291 2 n0r0   12 true 20 0.9049111030011677 24 0.9173280014280847 n1r0   52 true 24 0.9003224654725259 10 0.9541759569049658 n0r0   12 true 20 0.9049111030011677 24 0.9173280014280847 n1r0   52 true 24 0.9003224654725259 10 0.9541759569049658
9 1 0 2 10 2 1346  true 1472/2291 2 n0r0   48 true 49 0.9879324104812516 27 0.904998815528509 n1r0   25 true 38 0.9805900976366455 11 0.9226948443241997 n0r0   48 true 49 0.9879324104812516 27 0.904998815528509 n1r0   25 true 38 0.9805900976366455 11 0.9226948443241997
