404 0 797
0 0 1 1 be
1 0 2 1 tau
1 1 3 1 tau
2 0 4 1 r1a
2 1 5 1 r3a
2 2 6 1 r6a
2 3 7 1 r7a
2 4 1 1 enda
3 0 8 1 r1b
3 1 9 1 r3b
3 2 10 1 r6b
3 3 11 1 r7b
3 4 1 1 endb
4 0 12 1 tau
4 1 13 0.6 ch1a
4 1 14 0.4 ch1a
5 0 15 1 tau
5 1 16 0.6 ch3a
5 1 17 0.4 ch3a
6 0 18 1 tau
6 1 19 0.5 ch6a
6 1 20 0.5 ch6a
7 0 21 1 tau
7 1 22 0.6 ch7a
7 1 23 0.4 ch7a
8 0 24 1 tau
8 1 25 0.6 ch1b
8 1 26 0.4 ch1b
9 0 27 1 tau
9 1 28 0.6 ch3b
9 1 29 0.4 ch3b
10 0 30 1 tau
10 1 31 0.5 ch6b
10 1 32 0.5 ch6b
11 0 33 1 tau
11 1 34 0.6 ch7b
11 1 35 0.4 ch7b
12 0 36 1 r1b
12 1 37 1 r3b
12 2 38 1 r6b
12 3 39 1 r7b
12 4 4 1 endb
13 0 40 1 tau
13 1 41 1 tau
14 0 42 1 tau
14 1 43 1 tau
15 0 44 1 r1b
15 1 45 1 r3b
15 2 46 1 r6b
15 3 47 1 r7b
15 4 5 1 endb
16 0 48 1 tau
16 1 49 1 tau
17 0 50 1 tau
17 1 51 1 tau
18 0 52 1 r1b
18 1 53 1 r3b
18 2 54 1 r6b
18 3 55 1 r7b
18 4 6 1 endb
19 0 56 1 tau
19 1 57 1 tau
20 0 58 1 tau
20 1 59 1 tau
21 0 60 1 r1b
21 1 61 1 r3b
21 2 62 1 r6b
21 3 63 1 r7b
21 4 7 1 endb
22 0 64 1 tau
22 1 65 1 tau
23 0 66 1 tau
23 1 67 1 tau
24 0 36 1 r1a
24 1 44 1 r3a
24 2 52 1 r6a
24 3 60 1 r7a
24 4 8 1 enda
25 0 68 1 tau
25 1 69 1 tau
26 0 70 1 tau
26 1 71 1 tau
27 0 37 1 r1a
27 1 45 1 r3a
27 2 53 1 r6a
27 3 61 1 r7a
27 4 9 1 enda
28 0 72 1 tau
28 1 73 1 tau
29 0 74 1 tau
29 1 75 1 tau
30 0 38 1 r1a
30 1 46 1 r3a
30 2 54 1 r6a
30 3 62 1 r7a
30 4 10 1 enda
31 0 76 1 tau
31 1 77 1 tau
32 0 78 1 tau
32 1 79 1 tau
33 0 39 1 r1a
33 1 47 1 r3a
33 2 55 1 r6a
33 3 63 1 r7a
33 4 11 1 enda
34 0 80 1 tau
34 1 81 1 tau
35 0 82 1 tau
35 1 83 1 tau
36 0 84 1 be
36 1 85 0.6 ch1b
36 1 86 0.4 ch1b
36 2 87 0.6 ch1a
36 2 88 0.4 ch1a
37 0 89 1 be
37 1 90 0.6 ch3b
37 1 91 0.4 ch3b
37 2 92 0.6 ch1a
37 2 93 0.4 ch1a
38 0 94 1 be
38 1 95 0.5 ch6b
38 1 96 0.5 ch6b
38 2 97 0.6 ch1a
38 2 98 0.4 ch1a
39 0 99 1 be
39 1 100 0.6 ch7b
39 1 101 0.4 ch7b
39 2 102 0.6 ch1a
39 2 103 0.4 ch1a
40 0 13 1 enda
41 0 87 1 r1b
41 1 92 1 r3b
41 2 97 1 r6b
41 3 102 1 r7b
41 4 13 1 endb
42 0 14 1 enda
43 0 88 1 r1b
43 1 93 1 r3b
43 2 98 1 r6b
43 3 103 1 r7b
43 4 14 1 endb
44 0 104 1 be
44 1 105 0.6 ch1b
44 1 106 0.4 ch1b
44 2 107 0.6 ch3a
44 2 108 0.4 ch3a
45 0 109 1 be
45 1 110 0.6 ch3b
45 1 111 0.4 ch3b
45 2 112 0.6 ch3a
45 2 113 0.4 ch3a
46 0 114 1 be
46 1 115 0.5 ch6b
46 1 116 0.5 ch6b
46 2 117 0.6 ch3a
46 2 118 0.4 ch3a
47 0 119 1 be
47 1 120 0.6 ch7b
47 1 121 0.4 ch7b
47 2 122 0.6 ch3a
47 2 123 0.4 ch3a
48 0 16 1 enda
49 0 107 1 r1b
49 1 112 1 r3b
49 2 117 1 r6b
49 3 122 1 r7b
49 4 16 1 endb
50 0 17 1 enda
51 0 108 1 r1b
51 1 113 1 r3b
51 2 118 1 r6b
51 3 123 1 r7b
51 4 17 1 endb
52 0 124 1 be
52 1 125 0.6 ch1b
52 1 126 0.4 ch1b
52 2 127 0.5 ch6a
52 2 128 0.5 ch6a
53 0 129 1 be
53 1 130 0.6 ch3b
53 1 131 0.4 ch3b
53 2 132 0.5 ch6a
53 2 133 0.5 ch6a
54 0 134 1 be
54 1 135 0.5 ch6b
54 1 136 0.5 ch6b
54 2 137 0.5 ch6a
54 2 138 0.5 ch6a
55 0 139 1 be
55 1 140 0.6 ch7b
55 1 141 0.4 ch7b
55 2 142 0.5 ch6a
55 2 143 0.5 ch6a
56 0 19 1 enda
57 0 127 1 r1b
57 1 132 1 r3b
57 2 137 1 r6b
57 3 142 1 r7b
57 4 19 1 endb
58 0 20 1 enda
59 0 128 1 r1b
59 1 133 1 r3b
59 2 138 1 r6b
59 3 143 1 r7b
59 4 20 1 endb
60 0 144 1 be
60 1 145 0.6 ch1b
60 1 146 0.4 ch1b
60 2 147 0.6 ch7a
60 2 148 0.4 ch7a
61 0 149 1 be
61 1 150 0.6 ch3b
61 1 151 0.4 ch3b
61 2 152 0.6 ch7a
61 2 153 0.4 ch7a
62 0 154 1 be
62 1 155 0.5 ch6b
62 1 156 0.5 ch6b
62 2 157 0.6 ch7a
62 2 158 0.4 ch7a
63 0 159 1 be
63 1 160 0.6 ch7b
63 1 161 0.4 ch7b
63 2 162 0.6 ch7a
63 2 163 0.4 ch7a
64 0 22 1 enda
65 0 147 1 r1b
65 1 152 1 r3b
65 2 157 1 r6b
65 3 162 1 r7b
65 4 22 1 endb
66 0 23 1 enda
67 0 148 1 r1b
67 1 153 1 r3b
67 2 158 1 r6b
67 3 163 1 r7b
67 4 23 1 endb
68 0 85 1 r1a
68 1 105 1 r3a
68 2 125 1 r6a
68 3 145 1 r7a
68 4 25 1 enda
69 0 25 1 endb
70 0 86 1 r1a
70 1 106 1 r3a
70 2 126 1 r6a
70 3 146 1 r7a
70 4 26 1 enda
71 0 26 1 endb
72 0 90 1 r1a
72 1 110 1 r3a
72 2 130 1 r6a
72 3 150 1 r7a
72 4 28 1 enda
73 0 28 1 endb
74 0 91 1 r1a
74 1 111 1 r3a
74 2 131 1 r6a
74 3 151 1 r7a
74 4 29 1 enda
75 0 29 1 endb
76 0 95 1 r1a
76 1 115 1 r3a
76 2 135 1 r6a
76 3 155 1 r7a
76 4 31 1 enda
77 0 31 1 endb
78 0 96 1 r1a
78 1 116 1 r3a
78 2 136 1 r6a
78 3 156 1 r7a
78 4 32 1 enda
79 0 32 1 endb
80 0 100 1 r1a
80 1 120 1 r3a
80 2 140 1 r6a
80 3 160 1 r7a
80 4 34 1 enda
81 0 34 1 endb
82 0 101 1 r1a
82 1 121 1 r3a
82 2 141 1 r6a
82 3 161 1 r7a
82 4 35 1 enda
83 0 35 1 endb
84 0 164 1 tau
84 1 165 1 tau
85 0 166 1 tau
85 1 167 0.6 ch1a
85 1 168 0.4 ch1a
86 0 169 1 tau
86 1 84 0.4 ch1a
86 1 170 0.6 ch1a
87 0 171 1 tau
87 1 167 0.6 ch1b
87 1 170 0.4 ch1b
88 0 172 1 tau
88 1 84 0.4 ch1b
88 1 168 0.6 ch1b
89 0 173 1 tau
89 1 174 1 tau
90 0 175 1 tau
90 1 89 0.4 ch1a
90 1 176 0.6 ch1a
91 0 177 1 tau
91 1 178 0.6 ch1a
91 1 179 0.4 ch1a
92 0 180 1 tau
92 1 176 0.6 ch3b
92 1 178 0.4 ch3b
93 0 181 1 tau
93 1 89 0.6 ch3b
93 1 179 0.4 ch3b
94 0 182 1 tau
94 1 183 1 tau
95 0 184 1 tau
95 1 94 0.4 ch1a
95 1 185 0.6 ch1a
96 0 186 1 tau
96 1 187 0.6 ch1a
96 1 188 0.4 ch1a
97 0 189 1 tau
97 1 185 0.5 ch6b
97 1 187 0.5 ch6b
98 0 190 1 tau
98 1 94 0.5 ch6b
98 1 188 0.5 ch6b
99 0 191 1 tau
99 1 192 1 tau
100 0 193 1 tau
100 1 99 0.4 ch1a
100 1 194 0.6 ch1a
101 0 195 1 tau
101 1 196 0.6 ch1a
101 1 197 0.4 ch1a
102 0 198 1 tau
102 1 194 0.6 ch7b
102 1 196 0.4 ch7b
103 0 199 1 tau
103 1 99 0.6 ch7b
103 1 197 0.4 ch7b
104 0 200 1 tau
104 1 201 1 tau
105 0 202 1 tau
105 1 203 0.6 ch3a
105 1 204 0.4 ch3a
106 0 205 1 tau
106 1 104 0.6 ch3a
106 1 206 0.4 ch3a
107 0 207 1 tau
107 1 104 0.4 ch1b
107 1 203 0.6 ch1b
108 0 208 1 tau
108 1 204 0.6 ch1b
108 1 206 0.4 ch1b
109 0 209 1 tau
109 1 210 1 tau
110 0 211 1 tau
110 1 109 0.6 ch3a
110 1 212 0.4 ch3a
111 0 213 1 tau
111 1 214 0.6 ch3a
111 1 215 0.4 ch3a
112 0 216 1 tau
112 1 109 0.6 ch3b
112 1 214 0.4 ch3b
113 0 217 1 tau
113 1 212 0.6 ch3b
113 1 215 0.4 ch3b
114 0 218 1 tau
114 1 219 1 tau
115 0 220 1 tau
115 1 114 0.6 ch3a
115 1 221 0.4 ch3a
116 0 222 1 tau
116 1 223 0.6 ch3a
116 1 224 0.4 ch3a
117 0 225 1 tau
117 1 114 0.5 ch6b
117 1 223 0.5 ch6b
118 0 226 1 tau
118 1 221 0.5 ch6b
118 1 224 0.5 ch6b
119 0 227 1 tau
119 1 228 1 tau
120 0 229 1 tau
120 1 119 0.6 ch3a
120 1 230 0.4 ch3a
121 0 231 1 tau
121 1 232 0.6 ch3a
121 1 233 0.4 ch3a
122 0 234 1 tau
122 1 119 0.6 ch7b
122 1 232 0.4 ch7b
123 0 235 1 tau
123 1 230 0.6 ch7b
123 1 233 0.4 ch7b
124 0 236 1 tau
124 1 237 1 tau
125 0 238 1 tau
125 1 239 0.5 ch6a
125 1 240 0.5 ch6a
126 0 241 1 tau
126 1 124 0.5 ch6a
126 1 242 0.5 ch6a
127 0 243 1 tau
127 1 124 0.4 ch1b
127 1 239 0.6 ch1b
128 0 244 1 tau
128 1 240 0.6 ch1b
128 1 242 0.4 ch1b
129 0 245 1 tau
129 1 246 1 tau
130 0 247 1 tau
130 1 129 0.5 ch6a
130 1 248 0.5 ch6a
131 0 249 1 tau
131 1 250 0.5 ch6a
131 1 251 0.5 ch6a
132 0 252 1 tau
132 1 129 0.6 ch3b
132 1 250 0.4 ch3b
133 0 253 1 tau
133 1 248 0.6 ch3b
133 1 251 0.4 ch3b
134 0 254 1 tau
134 1 255 1 tau
135 0 256 1 tau
135 1 134 0.5 ch6a
135 1 257 0.5 ch6a
136 0 258 1 tau
136 1 259 0.5 ch6a
136 1 260 0.5 ch6a
137 0 261 1 tau
137 1 134 0.5 ch6b
137 1 259 0.5 ch6b
138 0 262 1 tau
138 1 257 0.5 ch6b
138 1 260 0.5 ch6b
139 0 263 1 tau
139 1 264 1 tau
140 0 265 1 tau
140 1 139 0.5 ch6a
140 1 266 0.5 ch6a
141 0 267 1 tau
141 1 268 0.5 ch6a
141 1 269 0.5 ch6a
142 0 270 1 tau
142 1 139 0.6 ch7b
142 1 268 0.4 ch7b
143 0 271 1 tau
143 1 266 0.6 ch7b
143 1 269 0.4 ch7b
144 0 272 1 tau
144 1 273 1 tau
145 0 274 1 tau
145 1 275 0.6 ch7a
145 1 276 0.4 ch7a
146 0 277 1 tau
146 1 144 0.6 ch7a
146 1 278 0.4 ch7a
147 0 279 1 tau
147 1 144 0.4 ch1b
147 1 275 0.6 ch1b
148 0 280 1 tau
148 1 276 0.6 ch1b
148 1 278 0.4 ch1b
149 0 281 1 tau
149 1 282 1 tau
150 0 283 1 tau
150 1 149 0.6 ch7a
150 1 284 0.4 ch7a
151 0 285 1 tau
151 1 286 0.6 ch7a
151 1 287 0.4 ch7a
152 0 288 1 tau
152 1 149 0.6 ch3b
152 1 286 0.4 ch3b
153 0 289 1 tau
153 1 284 0.6 ch3b
153 1 287 0.4 ch3b
154 0 290 1 tau
154 1 291 1 tau
155 0 292 1 tau
155 1 154 0.6 ch7a
155 1 293 0.4 ch7a
156 0 294 1 tau
156 1 295 0.6 ch7a
156 1 296 0.4 ch7a
157 0 297 1 tau
157 1 154 0.5 ch6b
157 1 295 0.5 ch6b
158 0 298 1 tau
158 1 293 0.5 ch6b
158 1 296 0.5 ch6b
159 0 299 1 tau
159 1 300 1 tau
160 0 301 1 tau
160 1 159 0.6 ch7a
160 1 302 0.4 ch7a
161 0 303 1 tau
161 1 304 0.6 ch7a
161 1 305 0.4 ch7a
162 0 306 1 tau
162 1 159 0.6 ch7b
162 1 304 0.4 ch7b
163 0 307 1 tau
163 1 302 0.6 ch7b
163 1 305 0.4 ch7b
164 0 84 1 enda
165 0 84 1 endb
166 0 85 1 endb
167 0 308 1 tau
167 1 309 1 tau
168 0 310 1 tau
168 1 311 1 tau
169 0 86 1 endb
170 0 312 1 tau
170 1 313 1 tau
171 0 87 1 enda
172 0 88 1 enda
173 0 89 1 enda
174 0 89 1 endb
175 0 90 1 endb
176 0 314 1 tau
176 1 315 1 tau
177 0 91 1 endb
178 0 316 1 tau
178 1 317 1 tau
179 0 318 1 tau
179 1 319 1 tau
180 0 92 1 enda
181 0 93 1 enda
182 0 94 1 enda
183 0 94 1 endb
184 0 95 1 endb
185 0 320 1 tau
185 1 321 1 tau
186 0 96 1 endb
187 0 322 1 tau
187 1 323 1 tau
188 0 324 1 tau
188 1 325 1 tau
189 0 97 1 enda
190 0 98 1 enda
191 0 99 1 enda
192 0 99 1 endb
193 0 100 1 endb
194 0 326 1 tau
194 1 327 1 tau
195 0 101 1 endb
196 0 328 1 tau
196 1 329 1 tau
197 0 330 1 tau
197 1 331 1 tau
198 0 102 1 enda
199 0 103 1 enda
200 0 104 1 enda
201 0 104 1 endb
202 0 105 1 endb
203 0 332 1 tau
203 1 333 1 tau
204 0 334 1 tau
204 1 335 1 tau
205 0 106 1 endb
206 0 336 1 tau
206 1 337 1 tau
207 0 107 1 enda
208 0 108 1 enda
209 0 109 1 enda
210 0 109 1 endb
211 0 110 1 endb
212 0 338 1 tau
212 1 339 1 tau
213 0 111 1 endb
214 0 340 1 tau
214 1 341 1 tau
215 0 342 1 tau
215 1 343 1 tau
216 0 112 1 enda
217 0 113 1 enda
218 0 114 1 enda
219 0 114 1 endb
220 0 115 1 endb
221 0 344 1 tau
221 1 345 1 tau
222 0 116 1 endb
223 0 346 1 tau
223 1 347 1 tau
224 0 348 1 tau
224 1 349 1 tau
225 0 117 1 enda
226 0 118 1 enda
227 0 119 1 enda
228 0 119 1 endb
229 0 120 1 endb
230 0 350 1 tau
230 1 351 1 tau
231 0 121 1 endb
232 0 352 1 tau
232 1 353 1 tau
233 0 354 1 tau
233 1 355 1 tau
234 0 122 1 enda
235 0 123 1 enda
236 0 124 1 enda
237 0 124 1 endb
238 0 125 1 endb
239 0 356 1 tau
239 1 357 1 tau
240 0 358 1 tau
240 1 359 1 tau
241 0 126 1 endb
242 0 360 1 tau
242 1 361 1 tau
243 0 127 1 enda
244 0 128 1 enda
245 0 129 1 enda
246 0 129 1 endb
247 0 130 1 endb
248 0 362 1 tau
248 1 363 1 tau
249 0 131 1 endb
250 0 364 1 tau
250 1 365 1 tau
251 0 366 1 tau
251 1 367 1 tau
252 0 132 1 enda
253 0 133 1 enda
254 0 134 1 enda
255 0 134 1 endb
256 0 135 1 endb
257 0 368 1 tau
257 1 369 1 tau
258 0 136 1 endb
259 0 370 1 tau
259 1 371 1 tau
260 0 372 1 tau
260 1 373 1 tau
261 0 137 1 enda
262 0 138 1 enda
263 0 139 1 enda
264 0 139 1 endb
265 0 140 1 endb
266 0 374 1 tau
266 1 375 1 tau
267 0 141 1 endb
268 0 376 1 tau
268 1 377 1 tau
269 0 378 1 tau
269 1 379 1 tau
270 0 142 1 enda
271 0 143 1 enda
272 0 144 1 enda
273 0 144 1 endb
274 0 145 1 endb
275 0 380 1 tau
275 1 381 1 tau
276 0 382 1 tau
276 1 383 1 tau
277 0 146 1 endb
278 0 384 1 tau
278 1 385 1 tau
279 0 147 1 enda
280 0 148 1 enda
281 0 149 1 enda
282 0 149 1 endb
283 0 150 1 endb
284 0 386 1 tau
284 1 387 1 tau
285 0 151 1 endb
286 0 388 1 tau
286 1 389 1 tau
287 0 390 1 tau
287 1 391 1 tau
288 0 152 1 enda
289 0 153 1 enda
290 0 154 1 enda
291 0 154 1 endb
292 0 155 1 endb
293 0 392 1 tau
293 1 393 1 tau
294 0 156 1 endb
295 0 394 1 tau
295 1 395 1 tau
296 0 396 1 tau
296 1 397 1 tau
297 0 157 1 enda
298 0 158 1 enda
299 0 159 1 enda
300 0 159 1 endb
301 0 160 1 endb
302 0 398 1 tau
302 1 399 1 tau
303 0 161 1 endb
304 0 400 1 tau
304 1 401 1 tau
305 0 402 1 tau
305 1 403 1 tau
306 0 162 1 enda
307 0 163 1 enda
308 0 167 1 enda
309 0 167 1 endb
310 0 168 1 enda
311 0 168 1 endb
312 0 170 1 enda
313 0 170 1 endb
314 0 176 1 enda
315 0 176 1 endb
316 0 178 1 enda
317 0 178 1 endb
318 0 179 1 enda
319 0 179 1 endb
320 0 185 1 enda
321 0 185 1 endb
322 0 187 1 enda
323 0 187 1 endb
324 0 188 1 enda
325 0 188 1 endb
326 0 194 1 enda
327 0 194 1 endb
328 0 196 1 enda
329 0 196 1 endb
330 0 197 1 enda
331 0 197 1 endb
332 0 203 1 enda
333 0 203 1 endb
334 0 204 1 enda
335 0 204 1 endb
336 0 206 1 enda
337 0 206 1 endb
338 0 212 1 enda
339 0 212 1 endb
340 0 214 1 enda
341 0 214 1 endb
342 0 215 1 enda
343 0 215 1 endb
344 0 221 1 enda
345 0 221 1 endb
346 0 223 1 enda
347 0 223 1 endb
348 0 224 1 enda
349 0 224 1 endb
350 0 230 1 enda
351 0 230 1 endb
352 0 232 1 enda
353 0 232 1 endb
354 0 233 1 enda
355 0 233 1 endb
356 0 239 1 enda
357 0 239 1 endb
358 0 240 1 enda
359 0 240 1 endb
360 0 242 1 enda
361 0 242 1 endb
362 0 248 1 enda
363 0 248 1 endb
364 0 250 1 enda
365 0 250 1 endb
366 0 251 1 enda
367 0 251 1 endb
368 0 257 1 enda
369 0 257 1 endb
370 0 259 1 enda
371 0 259 1 endb
372 0 260 1 enda
373 0 260 1 endb
374 0 266 1 enda
375 0 266 1 endb
376 0 268 1 enda
377 0 268 1 endb
378 0 269 1 enda
379 0 269 1 endb
380 0 275 1 enda
381 0 275 1 endb
382 0 276 1 enda
383 0 276 1 endb
384 0 278 1 enda
385 0 278 1 endb
386 0 284 1 enda
387 0 284 1 endb
388 0 286 1 enda
389 0 286 1 endb
390 0 287 1 enda
391 0 287 1 endb
392 0 293 1 enda
393 0 293 1 endb
394 0 295 1 enda
395 0 295 1 endb
396 0 296 1 enda
397 0 296 1 endb
398 0 302 1 enda
399 0 302 1 endb
400 0 304 1 enda
401 0 304 1 endb
402 0 305 1 enda
403 0 305 1 endb
