1199 0 2422
0 0 1 1 be
1 0 2 1 tau
1 1 3 1 tau
2 0 4 1 r0a
2 1 5 1 r1a
2 2 6 1 r2a
2 3 7 1 r3a
2 4 8 1 r4a
2 5 9 1 r5a
2 6 10 1 r6a
2 7 11 1 r7a
3 0 12 1 r0b
3 1 13 1 r1b
3 2 14 1 r2b
3 3 15 1 r3b
3 4 16 1 r4b
3 5 17 1 r5b
3 6 18 1 r6b
3 7 19 1 r7b
4 0 20 1 tau
4 1 21 0.7 ch0a
4 1 22 0.3 ch0a
4 2 21 0.6 ch1a
4 2 23 0.4 ch1a
4 3 21 0.5 ch2a
4 3 24 0.5 ch2a
4 4 21 0.4 ch3a
4 4 25 0.6 ch3a
4 5 21 0.7 ch4a
4 5 26 0.3 ch4a
4 6 21 0.6 ch5a
4 6 27 0.4 ch5a
4 7 21 0.5 ch6a
4 7 28 0.5 ch6a
4 8 21 0.4 ch7a
4 8 29 0.6 ch7a
5 0 30 1 tau
6 0 31 1 tau
7 0 32 1 tau
8 0 33 1 tau
9 0 34 1 tau
10 0 35 1 tau
11 0 36 1 tau
12 0 37 1 tau
12 1 38 0.3 ch0b
12 1 39 0.7 ch0b
13 0 40 1 tau
13 1 41 0.4 ch1b
13 1 42 0.6 ch1b
14 0 43 1 tau
14 1 44 0.5 ch2b
14 1 45 0.5 ch2b
15 0 46 1 tau
15 1 47 0.6 ch3b
15 1 48 0.4 ch3b
16 0 49 1 tau
16 1 50 0.7 ch4b
16 1 51 0.3 ch4b
17 0 52 1 tau
17 1 53 0.4 ch5b
17 1 54 0.6 ch5b
18 0 55 1 tau
18 1 56 0.5 ch6b
18 1 57 0.5 ch6b
19 0 58 1 tau
19 1 59 0.6 ch7b
19 1 60 0.4 ch7b
20 0 61 1 r0b
20 1 62 1 r1b
20 2 63 1 r2b
20 3 64 1 r3b
20 4 65 1 r4b
20 5 66 1 r5b
20 6 67 1 r6b
20 7 68 1 r7b
21 0 69 1 tau
21 1 70 1 tau
22 0 71 1 tau
22 1 72 1 tau
23 0 73 1 tau
23 1 74 1 tau
24 0 75 1 tau
24 1 76 1 tau
25 0 77 1 tau
25 1 78 1 tau
26 0 79 1 tau
26 1 80 1 tau
27 0 81 1 tau
27 1 82 1 tau
28 0 83 1 tau
28 1 84 1 tau
29 0 85 1 tau
29 1 86 1 tau
30 0 87 1 r0b
30 1 88 1 r1b
30 2 89 1 r2b
30 3 90 1 r3b
30 4 91 1 r4b
30 5 92 1 r5b
30 6 93 1 r6b
30 7 94 1 r7b
31 0 95 1 r0b
31 1 96 1 r1b
31 2 97 1 r2b
31 3 98 1 r3b
31 4 99 1 r4b
31 5 100 1 r5b
31 6 101 1 r6b
31 7 102 1 r7b
32 0 103 1 r0b
32 1 104 1 r1b
32 2 105 1 r2b
32 3 106 1 r3b
32 4 107 1 r4b
32 5 108 1 r5b
32 6 109 1 r6b
32 7 110 1 r7b
33 0 111 1 r0b
33 1 112 1 r1b
33 2 113 1 r2b
33 3 114 1 r3b
33 4 115 1 r4b
33 5 116 1 r5b
33 6 117 1 r6b
33 7 118 1 r7b
34 0 119 1 r0b
34 1 120 1 r1b
34 2 121 1 r2b
34 3 122 1 r3b
34 4 123 1 r4b
34 5 124 1 r5b
34 6 125 1 r6b
34 7 126 1 r7b
35 0 127 1 r0b
35 1 128 1 r1b
35 2 129 1 r2b
35 3 130 1 r3b
35 4 131 1 r4b
35 5 132 1 r5b
35 6 133 1 r6b
35 7 134 1 r7b
36 0 135 1 r0b
36 1 136 1 r1b
36 2 137 1 r2b
36 3 138 1 r3b
36 4 139 1 r4b
36 5 140 1 r5b
36 6 141 1 r6b
36 7 142 1 r7b
37 0 61 1 r0a
37 1 87 1 r1a
37 2 95 1 r2a
37 3 103 1 r3a
37 4 111 1 r4a
37 5 119 1 r5a
37 6 127 1 r6a
37 7 135 1 r7a
38 0 143 1 tau
38 1 144 1 tau
39 0 145 1 tau
39 1 146 1 tau
40 0 62 1 r0a
40 1 88 1 r1a
40 2 96 1 r2a
40 3 104 1 r3a
40 4 112 1 r4a
40 5 120 1 r5a
40 6 128 1 r6a
40 7 136 1 r7a
41 0 147 1 tau
41 1 148 1 tau
42 0 149 1 tau
42 1 150 1 tau
43 0 63 1 r0a
43 1 89 1 r1a
43 2 97 1 r2a
43 3 105 1 r3a
43 4 113 1 r4a
43 5 121 1 r5a
43 6 129 1 r6a
43 7 137 1 r7a
44 0 151 1 tau
44 1 152 1 tau
45 0 153 1 tau
45 1 154 1 tau
46 0 64 1 r0a
46 1 90 1 r1a
46 2 98 1 r2a
46 3 106 1 r3a
46 4 114 1 r4a
46 5 122 1 r5a
46 6 130 1 r6a
46 7 138 1 r7a
47 0 155 1 tau
47 1 156 1 tau
48 0 157 1 tau
48 1 158 1 tau
49 0 65 1 r0a
49 1 91 1 r1a
49 2 99 1 r2a
49 3 107 1 r3a
49 4 115 1 r4a
49 5 123 1 r5a
49 6 131 1 r6a
49 7 139 1 r7a
50 0 159 1 tau
50 1 160 1 tau
51 0 161 1 tau
51 1 162 1 tau
52 0 66 1 r0a
52 1 92 1 r1a
52 2 100 1 r2a
52 3 108 1 r3a
52 4 116 1 r4a
52 5 124 1 r5a
52 6 132 1 r6a
52 7 140 1 r7a
53 0 163 1 tau
53 1 164 1 tau
54 0 165 1 tau
54 1 166 1 tau
55 0 67 1 r0a
55 1 93 1 r1a
55 2 101 1 r2a
55 3 109 1 r3a
55 4 117 1 r4a
55 5 125 1 r5a
55 6 133 1 r6a
55 7 141 1 r7a
56 0 167 1 tau
56 1 168 1 tau
57 0 169 1 tau
57 1 170 1 tau
58 0 68 1 r0a
58 1 94 1 r1a
58 2 102 1 r2a
58 3 110 1 r3a
58 4 118 1 r4a
58 5 126 1 r5a
58 6 134 1 r6a
58 7 142 1 r7a
59 0 171 1 tau
59 1 172 1 tau
60 0 173 1 tau
60 1 174 1 tau
61 0 175 1 be
61 1 176 0.3 ch0b
61 1 177 0.7 ch0b
61 2 178 0.7 ch0a
61 2 179 0.3 ch0a
61 3 178 0.6 ch1a
61 3 180 0.4 ch1a
61 4 178 0.5 ch2a
61 4 181 0.5 ch2a
61 5 178 0.4 ch3a
61 5 182 0.6 ch3a
61 6 178 0.7 ch4a
61 6 183 0.3 ch4a
61 7 178 0.6 ch5a
61 7 184 0.4 ch5a
61 8 178 0.5 ch6a
61 8 185 0.5 ch6a
61 9 178 0.4 ch7a
61 9 186 0.6 ch7a
62 0 187 1 be
62 1 188 0.4 ch1b
62 1 189 0.6 ch1b
62 2 190 0.7 ch0a
62 2 191 0.3 ch0a
62 3 190 0.6 ch1a
62 3 192 0.4 ch1a
62 4 190 0.5 ch2a
62 4 193 0.5 ch2a
62 5 190 0.4 ch3a
62 5 194 0.6 ch3a
62 6 190 0.7 ch4a
62 6 195 0.3 ch4a
62 7 190 0.6 ch5a
62 7 196 0.4 ch5a
62 8 190 0.5 ch6a
62 8 197 0.5 ch6a
62 9 190 0.4 ch7a
62 9 198 0.6 ch7a
63 0 199 1 be
63 1 200 0.5 ch2b
63 1 201 0.5 ch2b
63 2 202 0.7 ch0a
63 2 203 0.3 ch0a
63 3 202 0.6 ch1a
63 3 204 0.4 ch1a
63 4 202 0.5 ch2a
63 4 205 0.5 ch2a
63 5 202 0.4 ch3a
63 5 206 0.6 ch3a
63 6 202 0.7 ch4a
63 6 207 0.3 ch4a
63 7 202 0.6 ch5a
63 7 208 0.4 ch5a
63 8 202 0.5 ch6a
63 8 209 0.5 ch6a
63 9 202 0.4 ch7a
63 9 210 0.6 ch7a
64 0 211 1 be
64 1 212 0.6 ch3b
64 1 213 0.4 ch3b
64 2 214 0.7 ch0a
64 2 215 0.3 ch0a
64 3 214 0.6 ch1a
64 3 216 0.4 ch1a
64 4 214 0.5 ch2a
64 4 217 0.5 ch2a
64 5 214 0.4 ch3a
64 5 218 0.6 ch3a
64 6 214 0.7 ch4a
64 6 219 0.3 ch4a
64 7 214 0.6 ch5a
64 7 220 0.4 ch5a
64 8 214 0.5 ch6a
64 8 221 0.5 ch6a
64 9 214 0.4 ch7a
64 9 222 0.6 ch7a
65 0 223 1 be
65 1 224 0.7 ch4b
65 1 225 0.3 ch4b
65 2 226 0.7 ch0a
65 2 227 0.3 ch0a
65 3 226 0.6 ch1a
65 3 228 0.4 ch1a
65 4 226 0.5 ch2a
65 4 229 0.5 ch2a
65 5 226 0.4 ch3a
65 5 230 0.6 ch3a
65 6 226 0.7 ch4a
65 6 231 0.3 ch4a
65 7 226 0.6 ch5a
65 7 232 0.4 ch5a
65 8 226 0.5 ch6a
65 8 233 0.5 ch6a
65 9 226 0.4 ch7a
65 9 234 0.6 ch7a
66 0 235 1 be
66 1 236 0.4 ch5b
66 1 237 0.6 ch5b
66 2 238 0.7 ch0a
66 2 239 0.3 ch0a
66 3 238 0.6 ch1a
66 3 240 0.4 ch1a
66 4 238 0.5 ch2a
66 4 241 0.5 ch2a
66 5 238 0.4 ch3a
66 5 242 0.6 ch3a
66 6 238 0.7 ch4a
66 6 243 0.3 ch4a
66 7 238 0.6 ch5a
66 7 244 0.4 ch5a
66 8 238 0.5 ch6a
66 8 245 0.5 ch6a
66 9 238 0.4 ch7a
66 9 246 0.6 ch7a
67 0 247 1 be
67 1 248 0.5 ch6b
67 1 249 0.5 ch6b
67 2 250 0.7 ch0a
67 2 251 0.3 ch0a
67 3 250 0.6 ch1a
67 3 252 0.4 ch1a
67 4 250 0.5 ch2a
67 4 253 0.5 ch2a
67 5 250 0.4 ch3a
67 5 254 0.6 ch3a
67 6 250 0.7 ch4a
67 6 255 0.3 ch4a
67 7 250 0.6 ch5a
67 7 256 0.4 ch5a
67 8 250 0.5 ch6a
67 8 257 0.5 ch6a
67 9 250 0.4 ch7a
67 9 258 0.6 ch7a
68 0 259 1 be
68 1 260 0.6 ch7b
68 1 261 0.4 ch7b
68 2 262 0.7 ch0a
68 2 263 0.3 ch0a
68 3 262 0.6 ch1a
68 3 264 0.4 ch1a
68 4 262 0.5 ch2a
68 4 265 0.5 ch2a
68 5 262 0.4 ch3a
68 5 266 0.6 ch3a
68 6 262 0.7 ch4a
68 6 267 0.3 ch4a
68 7 262 0.6 ch5a
68 7 268 0.4 ch5a
68 8 262 0.5 ch6a
68 8 269 0.5 ch6a
68 9 262 0.4 ch7a
68 9 270 0.6 ch7a
69 0 21 1 enda
70 0 178 1 r0b
70 1 190 1 r1b
70 2 202 1 r2b
70 3 214 1 r3b
70 4 226 1 r4b
70 5 238 1 r5b
70 6 250 1 r6b
70 7 262 1 r7b
71 0 22 1 enda
72 0 179 1 r0b
72 1 191 1 r1b
72 2 203 1 r2b
72 3 215 1 r3b
72 4 227 1 r4b
72 5 239 1 r5b
72 6 251 1 r6b
72 7 263 1 r7b
73 0 23 1 enda
74 0 180 1 r0b
74 1 192 1 r1b
74 2 204 1 r2b
74 3 216 1 r3b
74 4 228 1 r4b
74 5 240 1 r5b
74 6 252 1 r6b
74 7 264 1 r7b
75 0 24 1 enda
76 0 181 1 r0b
76 1 193 1 r1b
76 2 205 1 r2b
76 3 217 1 r3b
76 4 229 1 r4b
76 5 241 1 r5b
76 6 253 1 r6b
76 7 265 1 r7b
77 0 25 1 enda
78 0 182 1 r0b
78 1 194 1 r1b
78 2 206 1 r2b
78 3 218 1 r3b
78 4 230 1 r4b
78 5 242 1 r5b
78 6 254 1 r6b
78 7 266 1 r7b
79 0 26 1 enda
80 0 183 1 r0b
80 1 195 1 r1b
80 2 207 1 r2b
80 3 219 1 r3b
80 4 231 1 r4b
80 5 243 1 r5b
80 6 255 1 r6b
80 7 267 1 r7b
81 0 27 1 enda
82 0 184 1 r0b
82 1 196 1 r1b
82 2 208 1 r2b
82 3 220 1 r3b
82 4 232 1 r4b
82 5 244 1 r5b
82 6 256 1 r6b
82 7 268 1 r7b
83 0 28 1 enda
84 0 185 1 r0b
84 1 197 1 r1b
84 2 209 1 r2b
84 3 221 1 r3b
84 4 233 1 r4b
84 5 245 1 r5b
84 6 257 1 r6b
84 7 269 1 r7b
85 0 29 1 enda
86 0 186 1 r0b
86 1 198 1 r1b
86 2 210 1 r2b
86 3 222 1 r3b
86 4 234 1 r4b
86 5 246 1 r5b
86 6 258 1 r6b
86 7 270 1 r7b
87 0 271 1 be
87 1 272 0.3 ch0b
87 1 273 0.7 ch0b
88 0 274 1 be
88 1 275 0.4 ch1b
88 1 276 0.6 ch1b
89 0 277 1 be
89 1 278 0.5 ch2b
89 1 279 0.5 ch2b
90 0 280 1 be
90 1 281 0.6 ch3b
90 1 282 0.4 ch3b
91 0 283 1 be
91 1 284 0.7 ch4b
91 1 285 0.3 ch4b
92 0 286 1 be
92 1 287 0.4 ch5b
92 1 288 0.6 ch5b
93 0 289 1 be
93 1 290 0.5 ch6b
93 1 291 0.5 ch6b
94 0 292 1 be
94 1 293 0.6 ch7b
94 1 294 0.4 ch7b
95 0 295 1 be
95 1 296 0.3 ch0b
95 1 297 0.7 ch0b
96 0 298 1 be
96 1 299 0.4 ch1b
96 1 300 0.6 ch1b
97 0 301 1 be
97 1 302 0.5 ch2b
97 1 303 0.5 ch2b
98 0 304 1 be
98 1 305 0.6 ch3b
98 1 306 0.4 ch3b
99 0 307 1 be
99 1 308 0.7 ch4b
99 1 309 0.3 ch4b
100 0 310 1 be
100 1 311 0.4 ch5b
100 1 312 0.6 ch5b
101 0 313 1 be
101 1 314 0.5 ch6b
101 1 315 0.5 ch6b
102 0 316 1 be
102 1 317 0.6 ch7b
102 1 318 0.4 ch7b
103 0 319 1 be
103 1 320 0.3 ch0b
103 1 321 0.7 ch0b
104 0 322 1 be
104 1 323 0.4 ch1b
104 1 324 0.6 ch1b
105 0 325 1 be
105 1 326 0.5 ch2b
105 1 327 0.5 ch2b
106 0 328 1 be
106 1 329 0.6 ch3b
106 1 330 0.4 ch3b
107 0 331 1 be
107 1 332 0.7 ch4b
107 1 333 0.3 ch4b
108 0 334 1 be
108 1 335 0.4 ch5b
108 1 336 0.6 ch5b
109 0 337 1 be
109 1 338 0.5 ch6b
109 1 339 0.5 ch6b
110 0 340 1 be
110 1 341 0.6 ch7b
110 1 342 0.4 ch7b
111 0 343 1 be
111 1 344 0.3 ch0b
111 1 345 0.7 ch0b
112 0 346 1 be
112 1 347 0.4 ch1b
112 1 348 0.6 ch1b
113 0 349 1 be
113 1 350 0.5 ch2b
113 1 351 0.5 ch2b
114 0 352 1 be
114 1 353 0.6 ch3b
114 1 354 0.4 ch3b
115 0 355 1 be
115 1 356 0.7 ch4b
115 1 357 0.3 ch4b
116 0 358 1 be
116 1 359 0.4 ch5b
116 1 360 0.6 ch5b
117 0 361 1 be
117 1 362 0.5 ch6b
117 1 363 0.5 ch6b
118 0 364 1 be
118 1 365 0.6 ch7b
118 1 366 0.4 ch7b
119 0 367 1 be
119 1 368 0.3 ch0b
119 1 369 0.7 ch0b
120 0 370 1 be
120 1 371 0.4 ch1b
120 1 372 0.6 ch1b
121 0 373 1 be
121 1 374 0.5 ch2b
121 1 375 0.5 ch2b
122 0 376 1 be
122 1 377 0.6 ch3b
122 1 378 0.4 ch3b
123 0 379 1 be
123 1 380 0.7 ch4b
123 1 381 0.3 ch4b
124 0 382 1 be
124 1 383 0.4 ch5b
124 1 384 0.6 ch5b
125 0 385 1 be
125 1 386 0.5 ch6b
125 1 387 0.5 ch6b
126 0 388 1 be
126 1 389 0.6 ch7b
126 1 390 0.4 ch7b
127 0 391 1 be
127 1 392 0.3 ch0b
127 1 393 0.7 ch0b
128 0 394 1 be
128 1 395 0.4 ch1b
128 1 396 0.6 ch1b
129 0 397 1 be
129 1 398 0.5 ch2b
129 1 399 0.5 ch2b
130 0 400 1 be
130 1 401 0.6 ch3b
130 1 402 0.4 ch3b
131 0 403 1 be
131 1 404 0.7 ch4b
131 1 405 0.3 ch4b
132 0 406 1 be
132 1 407 0.4 ch5b
132 1 408 0.6 ch5b
133 0 409 1 be
133 1 410 0.5 ch6b
133 1 411 0.5 ch6b
134 0 412 1 be
134 1 413 0.6 ch7b
134 1 414 0.4 ch7b
135 0 415 1 be
135 1 416 0.3 ch0b
135 1 417 0.7 ch0b
136 0 418 1 be
136 1 419 0.4 ch1b
136 1 420 0.6 ch1b
137 0 421 1 be
137 1 422 0.5 ch2b
137 1 423 0.5 ch2b
138 0 424 1 be
138 1 425 0.6 ch3b
138 1 426 0.4 ch3b
139 0 427 1 be
139 1 428 0.7 ch4b
139 1 429 0.3 ch4b
140 0 430 1 be
140 1 431 0.4 ch5b
140 1 432 0.6 ch5b
141 0 433 1 be
141 1 434 0.5 ch6b
141 1 435 0.5 ch6b
142 0 436 1 be
142 1 437 0.6 ch7b
142 1 438 0.4 ch7b
143 0 176 1 r0a
143 1 272 1 r1a
143 2 296 1 r2a
143 3 320 1 r3a
143 4 344 1 r4a
143 5 368 1 r5a
143 6 392 1 r6a
143 7 416 1 r7a
144 0 38 1 endb
145 0 177 1 r0a
145 1 273 1 r1a
145 2 297 1 r2a
145 3 321 1 r3a
145 4 345 1 r4a
145 5 369 1 r5a
145 6 393 1 r6a
145 7 417 1 r7a
146 0 39 1 endb
147 0 188 1 r0a
147 1 275 1 r1a
147 2 299 1 r2a
147 3 323 1 r3a
147 4 347 1 r4a
147 5 371 1 r5a
147 6 395 1 r6a
147 7 419 1 r7a
148 0 41 1 endb
149 0 189 1 r0a
149 1 276 1 r1a
149 2 300 1 r2a
149 3 324 1 r3a
149 4 348 1 r4a
149 5 372 1 r5a
149 6 396 1 r6a
149 7 420 1 r7a
150 0 42 1 endb
151 0 200 1 r0a
151 1 278 1 r1a
151 2 302 1 r2a
151 3 326 1 r3a
151 4 350 1 r4a
151 5 374 1 r5a
151 6 398 1 r6a
151 7 422 1 r7a
152 0 44 1 endb
153 0 201 1 r0a
153 1 279 1 r1a
153 2 303 1 r2a
153 3 327 1 r3a
153 4 351 1 r4a
153 5 375 1 r5a
153 6 399 1 r6a
153 7 423 1 r7a
154 0 45 1 endb
155 0 212 1 r0a
155 1 281 1 r1a
155 2 305 1 r2a
155 3 329 1 r3a
155 4 353 1 r4a
155 5 377 1 r5a
155 6 401 1 r6a
155 7 425 1 r7a
156 0 47 1 endb
157 0 213 1 r0a
157 1 282 1 r1a
157 2 306 1 r2a
157 3 330 1 r3a
157 4 354 1 r4a
157 5 378 1 r5a
157 6 402 1 r6a
157 7 426 1 r7a
158 0 48 1 endb
159 0 224 1 r0a
159 1 284 1 r1a
159 2 308 1 r2a
159 3 332 1 r3a
159 4 356 1 r4a
159 5 380 1 r5a
159 6 404 1 r6a
159 7 428 1 r7a
160 0 50 1 endb
161 0 225 1 r0a
161 1 285 1 r1a
161 2 309 1 r2a
161 3 333 1 r3a
161 4 357 1 r4a
161 5 381 1 r5a
161 6 405 1 r6a
161 7 429 1 r7a
162 0 51 1 endb
163 0 236 1 r0a
163 1 287 1 r1a
163 2 311 1 r2a
163 3 335 1 r3a
163 4 359 1 r4a
163 5 383 1 r5a
163 6 407 1 r6a
163 7 431 1 r7a
164 0 53 1 endb
165 0 237 1 r0a
165 1 288 1 r1a
165 2 312 1 r2a
165 3 336 1 r3a
165 4 360 1 r4a
165 5 384 1 r5a
165 6 408 1 r6a
165 7 432 1 r7a
166 0 54 1 endb
167 0 248 1 r0a
167 1 290 1 r1a
167 2 314 1 r2a
167 3 338 1 r3a
167 4 362 1 r4a
167 5 386 1 r5a
167 6 410 1 r6a
167 7 434 1 r7a
168 0 56 1 endb
169 0 249 1 r0a
169 1 291 1 r1a
169 2 315 1 r2a
169 3 339 1 r3a
169 4 363 1 r4a
169 5 387 1 r5a
169 6 411 1 r6a
169 7 435 1 r7a
170 0 57 1 endb
171 0 260 1 r0a
171 1 293 1 r1a
171 2 317 1 r2a
171 3 341 1 r3a
171 4 365 1 r4a
171 5 389 1 r5a
171 6 413 1 r6a
171 7 437 1 r7a
172 0 59 1 endb
173 0 261 1 r0a
173 1 294 1 r1a
173 2 318 1 r2a
173 3 342 1 r3a
173 4 366 1 r4a
173 5 390 1 r5a
173 6 414 1 r6a
173 7 438 1 r7a
174 0 60 1 endb
175 0 439 1 tau
175 1 440 1 tau
176 0 441 1 tau
176 1 442 0.7 ch0a
176 1 443 0.3 ch0a
176 2 442 0.6 ch1a
176 2 444 0.4 ch1a
176 3 442 0.5 ch2a
176 3 445 0.5 ch2a
176 4 442 0.4 ch3a
176 4 446 0.6 ch3a
176 5 442 0.7 ch4a
176 5 447 0.3 ch4a
176 6 442 0.6 ch5a
176 6 448 0.4 ch5a
176 7 442 0.5 ch6a
176 7 449 0.5 ch6a
176 8 442 0.4 ch7a
176 8 450 0.6 ch7a
177 0 451 1 tau
177 1 452 0.7 ch0a
177 1 453 0.3 ch0a
177 2 452 0.6 ch1a
177 2 454 0.4 ch1a
177 3 452 0.5 ch2a
177 3 455 0.5 ch2a
177 4 452 0.4 ch3a
177 4 456 0.6 ch3a
177 5 452 0.7 ch4a
177 5 457 0.3 ch4a
177 6 452 0.6 ch5a
177 6 458 0.4 ch5a
177 7 452 0.5 ch6a
177 7 459 0.5 ch6a
177 8 452 0.4 ch7a
177 8 460 0.6 ch7a
178 0 461 1 tau
178 1 442 0.3 ch0b
178 1 452 0.7 ch0b
179 0 462 1 tau
179 1 443 0.3 ch0b
179 1 453 0.7 ch0b
180 0 463 1 tau
180 1 444 0.3 ch0b
180 1 454 0.7 ch0b
181 0 464 1 tau
181 1 445 0.3 ch0b
181 1 455 0.7 ch0b
182 0 465 1 tau
182 1 446 0.3 ch0b
182 1 456 0.7 ch0b
183 0 466 1 tau
183 1 447 0.3 ch0b
183 1 457 0.7 ch0b
184 0 467 1 tau
184 1 448 0.3 ch0b
184 1 458 0.7 ch0b
185 0 468 1 tau
185 1 449 0.3 ch0b
185 1 459 0.7 ch0b
186 0 469 1 tau
186 1 450 0.3 ch0b
186 1 460 0.7 ch0b
187 0 470 1 tau
187 1 471 1 tau
188 0 472 1 tau
188 1 473 0.7 ch0a
188 1 474 0.3 ch0a
188 2 473 0.6 ch1a
188 2 475 0.4 ch1a
188 3 473 0.5 ch2a
188 3 476 0.5 ch2a
188 4 473 0.4 ch3a
188 4 477 0.6 ch3a
188 5 473 0.7 ch4a
188 5 478 0.3 ch4a
188 6 473 0.6 ch5a
188 6 479 0.4 ch5a
188 7 473 0.5 ch6a
188 7 480 0.5 ch6a
188 8 473 0.4 ch7a
188 8 481 0.6 ch7a
189 0 482 1 tau
189 1 483 0.7 ch0a
189 1 484 0.3 ch0a
189 2 483 0.6 ch1a
189 2 485 0.4 ch1a
189 3 483 0.5 ch2a
189 3 486 0.5 ch2a
189 4 483 0.4 ch3a
189 4 487 0.6 ch3a
189 5 483 0.7 ch4a
189 5 488 0.3 ch4a
189 6 483 0.6 ch5a
189 6 489 0.4 ch5a
189 7 483 0.5 ch6a
189 7 490 0.5 ch6a
189 8 483 0.4 ch7a
189 8 491 0.6 ch7a
190 0 492 1 tau
190 1 473 0.4 ch1b
190 1 483 0.6 ch1b
191 0 493 1 tau
191 1 474 0.4 ch1b
191 1 484 0.6 ch1b
192 0 494 1 tau
192 1 475 0.4 ch1b
192 1 485 0.6 ch1b
193 0 495 1 tau
193 1 476 0.4 ch1b
193 1 486 0.6 ch1b
194 0 496 1 tau
194 1 477 0.4 ch1b
194 1 487 0.6 ch1b
195 0 497 1 tau
195 1 478 0.4 ch1b
195 1 488 0.6 ch1b
196 0 498 1 tau
196 1 479 0.4 ch1b
196 1 489 0.6 ch1b
197 0 499 1 tau
197 1 480 0.4 ch1b
197 1 490 0.6 ch1b
198 0 500 1 tau
198 1 481 0.4 ch1b
198 1 491 0.6 ch1b
199 0 501 1 tau
199 1 502 1 tau
200 0 503 1 tau
200 1 504 0.7 ch0a
200 1 505 0.3 ch0a
200 2 504 0.6 ch1a
200 2 506 0.4 ch1a
200 3 504 0.5 ch2a
200 3 507 0.5 ch2a
200 4 504 0.4 ch3a
200 4 508 0.6 ch3a
200 5 504 0.7 ch4a
200 5 509 0.3 ch4a
200 6 504 0.6 ch5a
200 6 510 0.4 ch5a
200 7 504 0.5 ch6a
200 7 511 0.5 ch6a
200 8 504 0.4 ch7a
200 8 512 0.6 ch7a
201 0 513 1 tau
201 1 514 0.7 ch0a
201 1 515 0.3 ch0a
201 2 514 0.6 ch1a
201 2 516 0.4 ch1a
201 3 514 0.5 ch2a
201 3 517 0.5 ch2a
201 4 514 0.4 ch3a
201 4 518 0.6 ch3a
201 5 514 0.7 ch4a
201 5 519 0.3 ch4a
201 6 514 0.6 ch5a
201 6 520 0.4 ch5a
201 7 514 0.5 ch6a
201 7 521 0.5 ch6a
201 8 514 0.4 ch7a
201 8 522 0.6 ch7a
202 0 523 1 tau
202 1 504 0.5 ch2b
202 1 514 0.5 ch2b
203 0 524 1 tau
203 1 505 0.5 ch2b
203 1 515 0.5 ch2b
204 0 525 1 tau
204 1 506 0.5 ch2b
204 1 516 0.5 ch2b
205 0 526 1 tau
205 1 507 0.5 ch2b
205 1 517 0.5 ch2b
206 0 527 1 tau
206 1 508 0.5 ch2b
206 1 518 0.5 ch2b
207 0 528 1 tau
207 1 509 0.5 ch2b
207 1 519 0.5 ch2b
208 0 529 1 tau
208 1 510 0.5 ch2b
208 1 520 0.5 ch2b
209 0 530 1 tau
209 1 511 0.5 ch2b
209 1 521 0.5 ch2b
210 0 531 1 tau
210 1 512 0.5 ch2b
210 1 522 0.5 ch2b
211 0 532 1 tau
211 1 533 1 tau
212 0 534 1 tau
212 1 535 0.7 ch0a
212 1 536 0.3 ch0a
212 2 535 0.6 ch1a
212 2 537 0.4 ch1a
212 3 535 0.5 ch2a
212 3 538 0.5 ch2a
212 4 535 0.4 ch3a
212 4 539 0.6 ch3a
212 5 535 0.7 ch4a
212 5 540 0.3 ch4a
212 6 535 0.6 ch5a
212 6 541 0.4 ch5a
212 7 535 0.5 ch6a
212 7 542 0.5 ch6a
212 8 535 0.4 ch7a
212 8 543 0.6 ch7a
213 0 544 1 tau
213 1 545 0.7 ch0a
213 1 546 0.3 ch0a
213 2 545 0.6 ch1a
213 2 547 0.4 ch1a
213 3 545 0.5 ch2a
213 3 548 0.5 ch2a
213 4 545 0.4 ch3a
213 4 549 0.6 ch3a
213 5 545 0.7 ch4a
213 5 550 0.3 ch4a
213 6 545 0.6 ch5a
213 6 551 0.4 ch5a
213 7 545 0.5 ch6a
213 7 552 0.5 ch6a
213 8 545 0.4 ch7a
213 8 553 0.6 ch7a
214 0 554 1 tau
214 1 535 0.6 ch3b
214 1 545 0.4 ch3b
215 0 555 1 tau
215 1 536 0.6 ch3b
215 1 546 0.4 ch3b
216 0 556 1 tau
216 1 537 0.6 ch3b
216 1 547 0.4 ch3b
217 0 557 1 tau
217 1 538 0.6 ch3b
217 1 548 0.4 ch3b
218 0 558 1 tau
218 1 539 0.6 ch3b
218 1 549 0.4 ch3b
219 0 559 1 tau
219 1 540 0.6 ch3b
219 1 550 0.4 ch3b
220 0 560 1 tau
220 1 541 0.6 ch3b
220 1 551 0.4 ch3b
221 0 561 1 tau
221 1 542 0.6 ch3b
221 1 552 0.4 ch3b
222 0 562 1 tau
222 1 543 0.6 ch3b
222 1 553 0.4 ch3b
223 0 563 1 tau
223 1 564 1 tau
224 0 565 1 tau
224 1 566 0.7 ch0a
224 1 567 0.3 ch0a
224 2 566 0.6 ch1a
224 2 568 0.4 ch1a
224 3 566 0.5 ch2a
224 3 569 0.5 ch2a
224 4 566 0.4 ch3a
224 4 570 0.6 ch3a
224 5 566 0.7 ch4a
224 5 571 0.3 ch4a
224 6 566 0.6 ch5a
224 6 572 0.4 ch5a
224 7 566 0.5 ch6a
224 7 573 0.5 ch6a
224 8 566 0.4 ch7a
224 8 574 0.6 ch7a
225 0 575 1 tau
225 1 576 0.7 ch0a
225 1 577 0.3 ch0a
225 2 576 0.6 ch1a
225 2 578 0.4 ch1a
225 3 576 0.5 ch2a
225 3 579 0.5 ch2a
225 4 576 0.4 ch3a
225 4 580 0.6 ch3a
225 5 576 0.7 ch4a
225 5 581 0.3 ch4a
225 6 576 0.6 ch5a
225 6 582 0.4 ch5a
225 7 576 0.5 ch6a
225 7 583 0.5 ch6a
225 8 576 0.4 ch7a
225 8 584 0.6 ch7a
226 0 585 1 tau
226 1 566 0.7 ch4b
226 1 576 0.3 ch4b
227 0 586 1 tau
227 1 567 0.7 ch4b
227 1 577 0.3 ch4b
228 0 587 1 tau
228 1 568 0.7 ch4b
228 1 578 0.3 ch4b
229 0 588 1 tau
229 1 569 0.7 ch4b
229 1 579 0.3 ch4b
230 0 589 1 tau
230 1 570 0.7 ch4b
230 1 580 0.3 ch4b
231 0 590 1 tau
231 1 571 0.7 ch4b
231 1 581 0.3 ch4b
232 0 591 1 tau
232 1 572 0.7 ch4b
232 1 582 0.3 ch4b
233 0 592 1 tau
233 1 573 0.7 ch4b
233 1 583 0.3 ch4b
234 0 593 1 tau
234 1 574 0.7 ch4b
234 1 584 0.3 ch4b
235 0 594 1 tau
235 1 595 1 tau
236 0 596 1 tau
236 1 597 0.7 ch0a
236 1 598 0.3 ch0a
236 2 597 0.6 ch1a
236 2 599 0.4 ch1a
236 3 597 0.5 ch2a
236 3 600 0.5 ch2a
236 4 597 0.4 ch3a
236 4 601 0.6 ch3a
236 5 597 0.7 ch4a
236 5 602 0.3 ch4a
236 6 597 0.6 ch5a
236 6 603 0.4 ch5a
236 7 597 0.5 ch6a
236 7 604 0.5 ch6a
236 8 597 0.4 ch7a
236 8 605 0.6 ch7a
237 0 606 1 tau
237 1 607 0.7 ch0a
237 1 608 0.3 ch0a
237 2 607 0.6 ch1a
237 2 609 0.4 ch1a
237 3 607 0.5 ch2a
237 3 610 0.5 ch2a
237 4 607 0.4 ch3a
237 4 611 0.6 ch3a
237 5 607 0.7 ch4a
237 5 612 0.3 ch4a
237 6 607 0.6 ch5a
237 6 613 0.4 ch5a
237 7 607 0.5 ch6a
237 7 614 0.5 ch6a
237 8 607 0.4 ch7a
237 8 615 0.6 ch7a
238 0 616 1 tau
238 1 597 0.4 ch5b
238 1 607 0.6 ch5b
239 0 617 1 tau
239 1 598 0.4 ch5b
239 1 608 0.6 ch5b
240 0 618 1 tau
240 1 599 0.4 ch5b
240 1 609 0.6 ch5b
241 0 619 1 tau
241 1 600 0.4 ch5b
241 1 610 0.6 ch5b
242 0 620 1 tau
242 1 601 0.4 ch5b
242 1 611 0.6 ch5b
243 0 621 1 tau
243 1 602 0.4 ch5b
243 1 612 0.6 ch5b
244 0 622 1 tau
244 1 603 0.4 ch5b
244 1 613 0.6 ch5b
245 0 623 1 tau
245 1 604 0.4 ch5b
245 1 614 0.6 ch5b
246 0 624 1 tau
246 1 605 0.4 ch5b
246 1 615 0.6 ch5b
247 0 625 1 tau
247 1 626 1 tau
248 0 627 1 tau
248 1 628 0.7 ch0a
248 1 629 0.3 ch0a
248 2 628 0.6 ch1a
248 2 630 0.4 ch1a
248 3 628 0.5 ch2a
248 3 631 0.5 ch2a
248 4 628 0.4 ch3a
248 4 632 0.6 ch3a
248 5 628 0.7 ch4a
248 5 633 0.3 ch4a
248 6 628 0.6 ch5a
248 6 634 0.4 ch5a
248 7 628 0.5 ch6a
248 7 635 0.5 ch6a
248 8 628 0.4 ch7a
248 8 636 0.6 ch7a
249 0 637 1 tau
249 1 638 0.7 ch0a
249 1 639 0.3 ch0a
249 2 638 0.6 ch1a
249 2 640 0.4 ch1a
249 3 638 0.5 ch2a
249 3 641 0.5 ch2a
249 4 638 0.4 ch3a
249 4 642 0.6 ch3a
249 5 638 0.7 ch4a
249 5 643 0.3 ch4a
249 6 638 0.6 ch5a
249 6 644 0.4 ch5a
249 7 638 0.5 ch6a
249 7 645 0.5 ch6a
249 8 638 0.4 ch7a
249 8 646 0.6 ch7a
250 0 647 1 tau
250 1 628 0.5 ch6b
250 1 638 0.5 ch6b
251 0 648 1 tau
251 1 629 0.5 ch6b
251 1 639 0.5 ch6b
252 0 649 1 tau
252 1 630 0.5 ch6b
252 1 640 0.5 ch6b
253 0 650 1 tau
253 1 631 0.5 ch6b
253 1 641 0.5 ch6b
254 0 651 1 tau
254 1 632 0.5 ch6b
254 1 642 0.5 ch6b
255 0 652 1 tau
255 1 633 0.5 ch6b
255 1 643 0.5 ch6b
256 0 653 1 tau
256 1 634 0.5 ch6b
256 1 644 0.5 ch6b
257 0 654 1 tau
257 1 635 0.5 ch6b
257 1 645 0.5 ch6b
258 0 655 1 tau
258 1 636 0.5 ch6b
258 1 646 0.5 ch6b
259 0 656 1 tau
259 1 657 1 tau
260 0 658 1 tau
260 1 659 0.7 ch0a
260 1 660 0.3 ch0a
260 2 659 0.6 ch1a
260 2 661 0.4 ch1a
260 3 659 0.5 ch2a
260 3 662 0.5 ch2a
260 4 659 0.4 ch3a
260 4 663 0.6 ch3a
260 5 659 0.7 ch4a
260 5 664 0.3 ch4a
260 6 659 0.6 ch5a
260 6 665 0.4 ch5a
260 7 659 0.5 ch6a
260 7 666 0.5 ch6a
260 8 659 0.4 ch7a
260 8 667 0.6 ch7a
261 0 668 1 tau
261 1 669 0.7 ch0a
261 1 670 0.3 ch0a
261 2 669 0.6 ch1a
261 2 671 0.4 ch1a
261 3 669 0.5 ch2a
261 3 672 0.5 ch2a
261 4 669 0.4 ch3a
261 4 673 0.6 ch3a
261 5 669 0.7 ch4a
261 5 674 0.3 ch4a
261 6 669 0.6 ch5a
261 6 675 0.4 ch5a
261 7 669 0.5 ch6a
261 7 676 0.5 ch6a
261 8 669 0.4 ch7a
261 8 677 0.6 ch7a
262 0 678 1 tau
262 1 659 0.6 ch7b
262 1 669 0.4 ch7b
263 0 679 1 tau
263 1 660 0.6 ch7b
263 1 670 0.4 ch7b
264 0 680 1 tau
264 1 661 0.6 ch7b
264 1 671 0.4 ch7b
265 0 681 1 tau
265 1 662 0.6 ch7b
265 1 672 0.4 ch7b
266 0 682 1 tau
266 1 663 0.6 ch7b
266 1 673 0.4 ch7b
267 0 683 1 tau
267 1 664 0.6 ch7b
267 1 674 0.4 ch7b
268 0 684 1 tau
268 1 665 0.6 ch7b
268 1 675 0.4 ch7b
269 0 685 1 tau
269 1 666 0.6 ch7b
269 1 676 0.4 ch7b
270 0 686 1 tau
270 1 667 0.6 ch7b
270 1 677 0.4 ch7b
271 0 687 1 tau
271 1 688 1 tau
272 0 689 1 tau
273 0 690 1 tau
274 0 691 1 tau
274 1 692 1 tau
275 0 693 1 tau
276 0 694 1 tau
277 0 695 1 tau
277 1 696 1 tau
278 0 697 1 tau
279 0 698 1 tau
280 0 699 1 tau
280 1 700 1 tau
281 0 701 1 tau
282 0 702 1 tau
283 0 703 1 tau
283 1 704 1 tau
284 0 705 1 tau
285 0 706 1 tau
286 0 707 1 tau
286 1 708 1 tau
287 0 709 1 tau
288 0 710 1 tau
289 0 711 1 tau
289 1 712 1 tau
290 0 713 1 tau
291 0 714 1 tau
292 0 715 1 tau
292 1 716 1 tau
293 0 717 1 tau
294 0 718 1 tau
295 0 719 1 tau
295 1 720 1 tau
296 0 721 1 tau
297 0 722 1 tau
298 0 723 1 tau
298 1 724 1 tau
299 0 725 1 tau
300 0 726 1 tau
301 0 727 1 tau
301 1 728 1 tau
302 0 729 1 tau
303 0 730 1 tau
304 0 731 1 tau
304 1 732 1 tau
305 0 733 1 tau
306 0 734 1 tau
307 0 735 1 tau
307 1 736 1 tau
308 0 737 1 tau
309 0 738 1 tau
310 0 739 1 tau
310 1 740 1 tau
311 0 741 1 tau
312 0 742 1 tau
313 0 743 1 tau
313 1 744 1 tau
314 0 745 1 tau
315 0 746 1 tau
316 0 747 1 tau
316 1 748 1 tau
317 0 749 1 tau
318 0 750 1 tau
319 0 751 1 tau
319 1 752 1 tau
320 0 753 1 tau
321 0 754 1 tau
322 0 755 1 tau
322 1 756 1 tau
323 0 757 1 tau
324 0 758 1 tau
325 0 759 1 tau
325 1 760 1 tau
326 0 761 1 tau
327 0 762 1 tau
328 0 763 1 tau
328 1 764 1 tau
329 0 765 1 tau
330 0 766 1 tau
331 0 767 1 tau
331 1 768 1 tau
332 0 769 1 tau
333 0 770 1 tau
334 0 771 1 tau
334 1 772 1 tau
335 0 773 1 tau
336 0 774 1 tau
337 0 775 1 tau
337 1 776 1 tau
338 0 777 1 tau
339 0 778 1 tau
340 0 779 1 tau
340 1 780 1 tau
341 0 781 1 tau
342 0 782 1 tau
343 0 783 1 tau
343 1 784 1 tau
344 0 785 1 tau
345 0 786 1 tau
346 0 787 1 tau
346 1 788 1 tau
347 0 789 1 tau
348 0 790 1 tau
349 0 791 1 tau
349 1 792 1 tau
350 0 793 1 tau
351 0 794 1 tau
352 0 795 1 tau
352 1 796 1 tau
353 0 797 1 tau
354 0 798 1 tau
355 0 799 1 tau
355 1 800 1 tau
356 0 801 1 tau
357 0 802 1 tau
358 0 803 1 tau
358 1 804 1 tau
359 0 805 1 tau
360 0 806 1 tau
361 0 807 1 tau
361 1 808 1 tau
362 0 809 1 tau
363 0 810 1 tau
364 0 811 1 tau
364 1 812 1 tau
365 0 813 1 tau
366 0 814 1 tau
367 0 815 1 tau
367 1 816 1 tau
368 0 817 1 tau
369 0 818 1 tau
370 0 819 1 tau
370 1 820 1 tau
371 0 821 1 tau
372 0 822 1 tau
373 0 823 1 tau
373 1 824 1 tau
374 0 825 1 tau
375 0 826 1 tau
376 0 827 1 tau
376 1 828 1 tau
377 0 829 1 tau
378 0 830 1 tau
379 0 831 1 tau
379 1 832 1 tau
380 0 833 1 tau
381 0 834 1 tau
382 0 835 1 tau
382 1 836 1 tau
383 0 837 1 tau
384 0 838 1 tau
385 0 839 1 tau
385 1 840 1 tau
386 0 841 1 tau
387 0 842 1 tau
388 0 843 1 tau
388 1 844 1 tau
389 0 845 1 tau
390 0 846 1 tau
391 0 847 1 tau
391 1 848 1 tau
392 0 849 1 tau
393 0 850 1 tau
394 0 851 1 tau
394 1 852 1 tau
395 0 853 1 tau
396 0 854 1 tau
397 0 855 1 tau
397 1 856 1 tau
398 0 857 1 tau
399 0 858 1 tau
400 0 859 1 tau
400 1 860 1 tau
401 0 861 1 tau
402 0 862 1 tau
403 0 863 1 tau
403 1 864 1 tau
404 0 865 1 tau
405 0 866 1 tau
406 0 867 1 tau
406 1 868 1 tau
407 0 869 1 tau
408 0 870 1 tau
409 0 871 1 tau
409 1 872 1 tau
410 0 873 1 tau
411 0 874 1 tau
412 0 875 1 tau
412 1 876 1 tau
413 0 877 1 tau
414 0 878 1 tau
415 0 879 1 tau
415 1 880 1 tau
416 0 881 1 tau
417 0 882 1 tau
418 0 883 1 tau
418 1 884 1 tau
419 0 885 1 tau
420 0 886 1 tau
421 0 887 1 tau
421 1 888 1 tau
422 0 889 1 tau
423 0 890 1 tau
424 0 891 1 tau
424 1 892 1 tau
425 0 893 1 tau
426 0 894 1 tau
427 0 895 1 tau
427 1 896 1 tau
428 0 897 1 tau
429 0 898 1 tau
430 0 899 1 tau
430 1 900 1 tau
431 0 901 1 tau
432 0 902 1 tau
433 0 903 1 tau
433 1 904 1 tau
434 0 905 1 tau
435 0 906 1 tau
436 0 907 1 tau
436 1 908 1 tau
437 0 909 1 tau
438 0 910 1 tau
439 0 175 1 enda
440 0 175 1 endb
441 0 176 1 endb
442 0 911 1 tau
442 1 912 1 tau
443 0 913 1 tau
443 1 914 1 tau
444 0 915 1 tau
444 1 916 1 tau
445 0 917 1 tau
445 1 918 1 tau
446 0 919 1 tau
446 1 920 1 tau
447 0 921 1 tau
447 1 922 1 tau
448 0 923 1 tau
448 1 924 1 tau
449 0 925 1 tau
449 1 926 1 tau
450 0 927 1 tau
450 1 928 1 tau
451 0 177 1 endb
452 0 929 1 tau
452 1 930 1 tau
453 0 931 1 tau
453 1 932 1 tau
454 0 933 1 tau
454 1 934 1 tau
455 0 935 1 tau
455 1 936 1 tau
456 0 937 1 tau
456 1 938 1 tau
457 0 939 1 tau
457 1 940 1 tau
458 0 941 1 tau
458 1 942 1 tau
459 0 943 1 tau
459 1 944 1 tau
460 0 945 1 tau
460 1 946 1 tau
461 0 178 1 enda
462 0 179 1 enda
463 0 180 1 enda
464 0 181 1 enda
465 0 182 1 enda
466 0 183 1 enda
467 0 184 1 enda
468 0 185 1 enda
469 0 186 1 enda
470 0 187 1 enda
471 0 187 1 endb
472 0 188 1 endb
473 0 947 1 tau
473 1 948 1 tau
474 0 949 1 tau
474 1 950 1 tau
475 0 951 1 tau
475 1 952 1 tau
476 0 953 1 tau
476 1 954 1 tau
477 0 955 1 tau
477 1 956 1 tau
478 0 957 1 tau
478 1 958 1 tau
479 0 959 1 tau
479 1 960 1 tau
480 0 961 1 tau
480 1 962 1 tau
481 0 963 1 tau
481 1 964 1 tau
482 0 189 1 endb
483 0 965 1 tau
483 1 966 1 tau
484 0 967 1 tau
484 1 968 1 tau
485 0 969 1 tau
485 1 970 1 tau
486 0 971 1 tau
486 1 972 1 tau
487 0 973 1 tau
487 1 974 1 tau
488 0 975 1 tau
488 1 976 1 tau
489 0 977 1 tau
489 1 978 1 tau
490 0 979 1 tau
490 1 980 1 tau
491 0 981 1 tau
491 1 982 1 tau
492 0 190 1 enda
493 0 191 1 enda
494 0 192 1 enda
495 0 193 1 enda
496 0 194 1 enda
497 0 195 1 enda
498 0 196 1 enda
499 0 197 1 enda
500 0 198 1 enda
501 0 199 1 enda
502 0 199 1 endb
503 0 200 1 endb
504 0 983 1 tau
504 1 984 1 tau
505 0 985 1 tau
505 1 986 1 tau
506 0 987 1 tau
506 1 988 1 tau
507 0 989 1 tau
507 1 990 1 tau
508 0 991 1 tau
508 1 992 1 tau
509 0 993 1 tau
509 1 994 1 tau
510 0 995 1 tau
510 1 996 1 tau
511 0 997 1 tau
511 1 998 1 tau
512 0 999 1 tau
512 1 1000 1 tau
513 0 201 1 endb
514 0 1001 1 tau
514 1 1002 1 tau
515 0 1003 1 tau
515 1 1004 1 tau
516 0 1005 1 tau
516 1 1006 1 tau
517 0 1007 1 tau
517 1 1008 1 tau
518 0 1009 1 tau
518 1 1010 1 tau
519 0 1011 1 tau
519 1 1012 1 tau
520 0 1013 1 tau
520 1 1014 1 tau
521 0 1015 1 tau
521 1 1016 1 tau
522 0 1017 1 tau
522 1 1018 1 tau
523 0 202 1 enda
524 0 203 1 enda
525 0 204 1 enda
526 0 205 1 enda
527 0 206 1 enda
528 0 207 1 enda
529 0 208 1 enda
530 0 209 1 enda
531 0 210 1 enda
532 0 211 1 enda
533 0 211 1 endb
534 0 212 1 endb
535 0 1019 1 tau
535 1 1020 1 tau
536 0 1021 1 tau
536 1 1022 1 tau
537 0 1023 1 tau
537 1 1024 1 tau
538 0 1025 1 tau
538 1 1026 1 tau
539 0 1027 1 tau
539 1 1028 1 tau
540 0 1029 1 tau
540 1 1030 1 tau
541 0 1031 1 tau
541 1 1032 1 tau
542 0 1033 1 tau
542 1 1034 1 tau
543 0 1035 1 tau
543 1 1036 1 tau
544 0 213 1 endb
545 0 1037 1 tau
545 1 1038 1 tau
546 0 1039 1 tau
546 1 1040 1 tau
547 0 1041 1 tau
547 1 1042 1 tau
548 0 1043 1 tau
548 1 1044 1 tau
549 0 1045 1 tau
549 1 1046 1 tau
550 0 1047 1 tau
550 1 1048 1 tau
551 0 1049 1 tau
551 1 1050 1 tau
552 0 1051 1 tau
552 1 1052 1 tau
553 0 1053 1 tau
553 1 1054 1 tau
554 0 214 1 enda
555 0 215 1 enda
556 0 216 1 enda
557 0 217 1 enda
558 0 218 1 enda
559 0 219 1 enda
560 0 220 1 enda
561 0 221 1 enda
562 0 222 1 enda
563 0 223 1 enda
564 0 223 1 endb
565 0 224 1 endb
566 0 1055 1 tau
566 1 1056 1 tau
567 0 1057 1 tau
567 1 1058 1 tau
568 0 1059 1 tau
568 1 1060 1 tau
569 0 1061 1 tau
569 1 1062 1 tau
570 0 1063 1 tau
570 1 1064 1 tau
571 0 1065 1 tau
571 1 1066 1 tau
572 0 1067 1 tau
572 1 1068 1 tau
573 0 1069 1 tau
573 1 1070 1 tau
574 0 1071 1 tau
574 1 1072 1 tau
575 0 225 1 endb
576 0 1073 1 tau
576 1 1074 1 tau
577 0 1075 1 tau
577 1 1076 1 tau
578 0 1077 1 tau
578 1 1078 1 tau
579 0 1079 1 tau
579 1 1080 1 tau
580 0 1081 1 tau
580 1 1082 1 tau
581 0 1083 1 tau
581 1 1084 1 tau
582 0 1085 1 tau
582 1 1086 1 tau
583 0 1087 1 tau
583 1 1088 1 tau
584 0 1089 1 tau
584 1 1090 1 tau
585 0 226 1 enda
586 0 227 1 enda
587 0 228 1 enda
588 0 229 1 enda
589 0 230 1 enda
590 0 231 1 enda
591 0 232 1 enda
592 0 233 1 enda
593 0 234 1 enda
594 0 235 1 enda
595 0 235 1 endb
596 0 236 1 endb
597 0 1091 1 tau
597 1 1092 1 tau
598 0 1093 1 tau
598 1 1094 1 tau
599 0 1095 1 tau
599 1 1096 1 tau
600 0 1097 1 tau
600 1 1098 1 tau
601 0 1099 1 tau
601 1 1100 1 tau
602 0 1101 1 tau
602 1 1102 1 tau
603 0 1103 1 tau
603 1 1104 1 tau
604 0 1105 1 tau
604 1 1106 1 tau
605 0 1107 1 tau
605 1 1108 1 tau
606 0 237 1 endb
607 0 1109 1 tau
607 1 1110 1 tau
608 0 1111 1 tau
608 1 1112 1 tau
609 0 1113 1 tau
609 1 1114 1 tau
610 0 1115 1 tau
610 1 1116 1 tau
611 0 1117 1 tau
611 1 1118 1 tau
612 0 1119 1 tau
612 1 1120 1 tau
613 0 1121 1 tau
613 1 1122 1 tau
614 0 1123 1 tau
614 1 1124 1 tau
615 0 1125 1 tau
615 1 1126 1 tau
616 0 238 1 enda
617 0 239 1 enda
618 0 240 1 enda
619 0 241 1 enda
620 0 242 1 enda
621 0 243 1 enda
622 0 244 1 enda
623 0 245 1 enda
624 0 246 1 enda
625 0 247 1 enda
626 0 247 1 endb
627 0 248 1 endb
628 0 1127 1 tau
628 1 1128 1 tau
629 0 1129 1 tau
629 1 1130 1 tau
630 0 1131 1 tau
630 1 1132 1 tau
631 0 1133 1 tau
631 1 1134 1 tau
632 0 1135 1 tau
632 1 1136 1 tau
633 0 1137 1 tau
633 1 1138 1 tau
634 0 1139 1 tau
634 1 1140 1 tau
635 0 1141 1 tau
635 1 1142 1 tau
636 0 1143 1 tau
636 1 1144 1 tau
637 0 249 1 endb
638 0 1145 1 tau
638 1 1146 1 tau
639 0 1147 1 tau
639 1 1148 1 tau
640 0 1149 1 tau
640 1 1150 1 tau
641 0 1151 1 tau
641 1 1152 1 tau
642 0 1153 1 tau
642 1 1154 1 tau
643 0 1155 1 tau
643 1 1156 1 tau
644 0 1157 1 tau
644 1 1158 1 tau
645 0 1159 1 tau
645 1 1160 1 tau
646 0 1161 1 tau
646 1 1162 1 tau
647 0 250 1 enda
648 0 251 1 enda
649 0 252 1 enda
650 0 253 1 enda
651 0 254 1 enda
652 0 255 1 enda
653 0 256 1 enda
654 0 257 1 enda
655 0 258 1 enda
656 0 259 1 enda
657 0 259 1 endb
658 0 260 1 endb
659 0 1163 1 tau
659 1 1164 1 tau
660 0 1165 1 tau
660 1 1166 1 tau
661 0 1167 1 tau
661 1 1168 1 tau
662 0 1169 1 tau
662 1 1170 1 tau
663 0 1171 1 tau
663 1 1172 1 tau
664 0 1173 1 tau
664 1 1174 1 tau
665 0 1175 1 tau
665 1 1176 1 tau
666 0 1177 1 tau
666 1 1178 1 tau
667 0 1179 1 tau
667 1 1180 1 tau
668 0 261 1 endb
669 0 1181 1 tau
669 1 1182 1 tau
670 0 1183 1 tau
670 1 1184 1 tau
671 0 1185 1 tau
671 1 1186 1 tau
672 0 1187 1 tau
672 1 1188 1 tau
673 0 1189 1 tau
673 1 1190 1 tau
674 0 1191 1 tau
674 1 1192 1 tau
675 0 1193 1 tau
675 1 1194 1 tau
676 0 1195 1 tau
676 1 1196 1 tau
677 0 1197 1 tau
677 1 1198 1 tau
678 0 262 1 enda
679 0 263 1 enda
680 0 264 1 enda
681 0 265 1 enda
682 0 266 1 enda
683 0 267 1 enda
684 0 268 1 enda
685 0 269 1 enda
686 0 270 1 enda
687 0 271 1 enda
688 0 271 1 endb
689 0 272 1 endb
690 0 273 1 endb
691 0 274 1 enda
692 0 274 1 endb
693 0 275 1 endb
694 0 276 1 endb
695 0 277 1 enda
696 0 277 1 endb
697 0 278 1 endb
698 0 279 1 endb
699 0 280 1 enda
700 0 280 1 endb
701 0 281 1 endb
702 0 282 1 endb
703 0 283 1 enda
704 0 283 1 endb
705 0 284 1 endb
706 0 285 1 endb
707 0 286 1 enda
708 0 286 1 endb
709 0 287 1 endb
710 0 288 1 endb
711 0 289 1 enda
712 0 289 1 endb
713 0 290 1 endb
714 0 291 1 endb
715 0 292 1 enda
716 0 292 1 endb
717 0 293 1 endb
718 0 294 1 endb
719 0 295 1 enda
720 0 295 1 endb
721 0 296 1 endb
722 0 297 1 endb
723 0 298 1 enda
724 0 298 1 endb
725 0 299 1 endb
726 0 300 1 endb
727 0 301 1 enda
728 0 301 1 endb
729 0 302 1 endb
730 0 303 1 endb
731 0 304 1 enda
732 0 304 1 endb
733 0 305 1 endb
734 0 306 1 endb
735 0 307 1 enda
736 0 307 1 endb
737 0 308 1 endb
738 0 309 1 endb
739 0 310 1 enda
740 0 310 1 endb
741 0 311 1 endb
742 0 312 1 endb
743 0 313 1 enda
744 0 313 1 endb
745 0 314 1 endb
746 0 315 1 endb
747 0 316 1 enda
748 0 316 1 endb
749 0 317 1 endb
750 0 318 1 endb
751 0 319 1 enda
752 0 319 1 endb
753 0 320 1 endb
754 0 321 1 endb
755 0 322 1 enda
756 0 322 1 endb
757 0 323 1 endb
758 0 324 1 endb
759 0 325 1 enda
760 0 325 1 endb
761 0 326 1 endb
762 0 327 1 endb
763 0 328 1 enda
764 0 328 1 endb
765 0 329 1 endb
766 0 330 1 endb
767 0 331 1 enda
768 0 331 1 endb
769 0 332 1 endb
770 0 333 1 endb
771 0 334 1 enda
772 0 334 1 endb
773 0 335 1 endb
774 0 336 1 endb
775 0 337 1 enda
776 0 337 1 endb
777 0 338 1 endb
778 0 339 1 endb
779 0 340 1 enda
780 0 340 1 endb
781 0 341 1 endb
782 0 342 1 endb
783 0 343 1 enda
784 0 343 1 endb
785 0 344 1 endb
786 0 345 1 endb
787 0 346 1 enda
788 0 346 1 endb
789 0 347 1 endb
790 0 348 1 endb
791 0 349 1 enda
792 0 349 1 endb
793 0 350 1 endb
794 0 351 1 endb
795 0 352 1 enda
796 0 352 1 endb
797 0 353 1 endb
798 0 354 1 endb
799 0 355 1 enda
800 0 355 1 endb
801 0 356 1 endb
802 0 357 1 endb
803 0 358 1 enda
804 0 358 1 endb
805 0 359 1 endb
806 0 360 1 endb
807 0 361 1 enda
808 0 361 1 endb
809 0 362 1 endb
810 0 363 1 endb
811 0 364 1 enda
812 0 364 1 endb
813 0 365 1 endb
814 0 366 1 endb
815 0 367 1 enda
816 0 367 1 endb
817 0 368 1 endb
818 0 369 1 endb
819 0 370 1 enda
820 0 370 1 endb
821 0 371 1 endb
822 0 372 1 endb
823 0 373 1 enda
824 0 373 1 endb
825 0 374 1 endb
826 0 375 1 endb
827 0 376 1 enda
828 0 376 1 endb
829 0 377 1 endb
830 0 378 1 endb
831 0 379 1 enda
832 0 379 1 endb
833 0 380 1 endb
834 0 381 1 endb
835 0 382 1 enda
836 0 382 1 endb
837 0 383 1 endb
838 0 384 1 endb
839 0 385 1 enda
840 0 385 1 endb
841 0 386 1 endb
842 0 387 1 endb
843 0 388 1 enda
844 0 388 1 endb
845 0 389 1 endb
846 0 390 1 endb
847 0 391 1 enda
848 0 391 1 endb
849 0 392 1 endb
850 0 393 1 endb
851 0 394 1 enda
852 0 394 1 endb
853 0 395 1 endb
854 0 396 1 endb
855 0 397 1 enda
856 0 397 1 endb
857 0 398 1 endb
858 0 399 1 endb
859 0 400 1 enda
860 0 400 1 endb
861 0 401 1 endb
862 0 402 1 endb
863 0 403 1 enda
864 0 403 1 endb
865 0 404 1 endb
866 0 405 1 endb
867 0 406 1 enda
868 0 406 1 endb
869 0 407 1 endb
870 0 408 1 endb
871 0 409 1 enda
872 0 409 1 endb
873 0 410 1 endb
874 0 411 1 endb
875 0 412 1 enda
876 0 412 1 endb
877 0 413 1 endb
878 0 414 1 endb
879 0 415 1 enda
880 0 415 1 endb
881 0 416 1 endb
882 0 417 1 endb
883 0 418 1 enda
884 0 418 1 endb
885 0 419 1 endb
886 0 420 1 endb
887 0 421 1 enda
888 0 421 1 endb
889 0 422 1 endb
890 0 423 1 endb
891 0 424 1 enda
892 0 424 1 endb
893 0 425 1 endb
894 0 426 1 endb
895 0 427 1 enda
896 0 427 1 endb
897 0 428 1 endb
898 0 429 1 endb
899 0 430 1 enda
900 0 430 1 endb
901 0 431 1 endb
902 0 432 1 endb
903 0 433 1 enda
904 0 433 1 endb
905 0 434 1 endb
906 0 435 1 endb
907 0 436 1 enda
908 0 436 1 endb
909 0 437 1 endb
910 0 438 1 endb
911 0 442 1 enda
912 0 442 1 endb
913 0 443 1 enda
914 0 443 1 endb
915 0 444 1 enda
916 0 444 1 endb
917 0 445 1 enda
918 0 445 1 endb
919 0 446 1 enda
920 0 446 1 endb
921 0 447 1 enda
922 0 447 1 endb
923 0 448 1 enda
924 0 448 1 endb
925 0 449 1 enda
926 0 449 1 endb
927 0 450 1 enda
928 0 450 1 endb
929 0 452 1 enda
930 0 452 1 endb
931 0 453 1 enda
932 0 453 1 endb
933 0 454 1 enda
934 0 454 1 endb
935 0 455 1 enda
936 0 455 1 endb
937 0 456 1 enda
938 0 456 1 endb
939 0 457 1 enda
940 0 457 1 endb
941 0 458 1 enda
942 0 458 1 endb
943 0 459 1 enda
944 0 459 1 endb
945 0 460 1 enda
946 0 460 1 endb
947 0 473 1 enda
948 0 473 1 endb
949 0 474 1 enda
950 0 474 1 endb
951 0 475 1 enda
952 0 475 1 endb
953 0 476 1 enda
954 0 476 1 endb
955 0 477 1 enda
956 0 477 1 endb
957 0 478 1 enda
958 0 478 1 endb
959 0 479 1 enda
960 0 479 1 endb
961 0 480 1 enda
962 0 480 1 endb
963 0 481 1 enda
964 0 481 1 endb
965 0 483 1 enda
966 0 483 1 endb
967 0 484 1 enda
968 0 484 1 endb
969 0 485 1 enda
970 0 485 1 endb
971 0 486 1 enda
972 0 486 1 endb
973 0 487 1 enda
974 0 487 1 endb
975 0 488 1 enda
976 0 488 1 endb
977 0 489 1 enda
978 0 489 1 endb
979 0 490 1 enda
980 0 490 1 endb
981 0 491 1 enda
982 0 491 1 endb
983 0 504 1 enda
984 0 504 1 endb
985 0 505 1 enda
986 0 505 1 endb
987 0 506 1 enda
988 0 506 1 endb
989 0 507 1 enda
990 0 507 1 endb
991 0 508 1 enda
992 0 508 1 endb
993 0 509 1 enda
994 0 509 1 endb
995 0 510 1 enda
996 0 510 1 endb
997 0 511 1 enda
998 0 511 1 endb
999 0 512 1 enda
1000 0 512 1 endb
1001 0 514 1 enda
1002 0 514 1 endb
1003 0 515 1 enda
1004 0 515 1 endb
1005 0 516 1 enda
1006 0 516 1 endb
1007 0 517 1 enda
1008 0 517 1 endb
1009 0 518 1 enda
1010 0 518 1 endb
1011 0 519 1 enda
1012 0 519 1 endb
1013 0 520 1 enda
1014 0 520 1 endb
1015 0 521 1 enda
1016 0 521 1 endb
1017 0 522 1 enda
1018 0 522 1 endb
1019 0 535 1 enda
1020 0 535 1 endb
1021 0 536 1 enda
1022 0 536 1 endb
1023 0 537 1 enda
1024 0 537 1 endb
1025 0 538 1 enda
1026 0 538 1 endb
1027 0 539 1 enda
1028 0 539 1 endb
1029 0 540 1 enda
1030 0 540 1 endb
1031 0 541 1 enda
1032 0 541 1 endb
1033 0 542 1 enda
1034 0 542 1 endb
1035 0 543 1 enda
1036 0 543 1 endb
1037 0 545 1 enda
1038 0 545 1 endb
1039 0 546 1 enda
1040 0 546 1 endb
1041 0 547 1 enda
1042 0 547 1 endb
1043 0 548 1 enda
1044 0 548 1 endb
1045 0 549 1 enda
1046 0 549 1 endb
1047 0 550 1 enda
1048 0 550 1 endb
1049 0 551 1 enda
1050 0 551 1 endb
1051 0 552 1 enda
1052 0 552 1 endb
1053 0 553 1 enda
1054 0 553 1 endb
1055 0 566 1 enda
1056 0 566 1 endb
1057 0 567 1 enda
1058 0 567 1 endb
1059 0 568 1 enda
1060 0 568 1 endb
1061 0 569 1 enda
1062 0 569 1 endb
1063 0 570 1 enda
1064 0 570 1 endb
1065 0 571 1 enda
1066 0 571 1 endb
1067 0 572 1 enda
1068 0 572 1 endb
1069 0 573 1 enda
1070 0 573 1 endb
1071 0 574 1 enda
1072 0 574 1 endb
1073 0 576 1 enda
1074 0 576 1 endb
1075 0 577 1 enda
1076 0 577 1 endb
1077 0 578 1 enda
1078 0 578 1 endb
1079 0 579 1 enda
1080 0 579 1 endb
1081 0 580 1 enda
1082 0 580 1 endb
1083 0 581 1 enda
1084 0 581 1 endb
1085 0 582 1 enda
1086 0 582 1 endb
1087 0 583 1 enda
1088 0 583 1 endb
1089 0 584 1 enda
1090 0 584 1 endb
1091 0 597 1 enda
1092 0 597 1 endb
1093 0 598 1 enda
1094 0 598 1 endb
1095 0 599 1 enda
1096 0 599 1 endb
1097 0 600 1 enda
1098 0 600 1 endb
1099 0 601 1 enda
1100 0 601 1 endb
1101 0 602 1 enda
1102 0 602 1 endb
1103 0 603 1 enda
1104 0 603 1 endb
1105 0 604 1 enda
1106 0 604 1 endb
1107 0 605 1 enda
1108 0 605 1 endb
1109 0 607 1 enda
1110 0 607 1 endb
1111 0 608 1 enda
1112 0 608 1 endb
1113 0 609 1 enda
1114 0 609 1 endb
1115 0 610 1 enda
1116 0 610 1 endb
1117 0 611 1 enda
1118 0 611 1 endb
1119 0 612 1 enda
1120 0 612 1 endb
1121 0 613 1 enda
1122 0 613 1 endb
1123 0 614 1 enda
1124 0 614 1 endb
1125 0 615 1 enda
1126 0 615 1 endb
1127 0 628 1 enda
1128 0 628 1 endb
1129 0 629 1 enda
1130 0 629 1 endb
1131 0 630 1 enda
1132 0 630 1 endb
1133 0 631 1 enda
1134 0 631 1 endb
1135 0 632 1 enda
1136 0 632 1 endb
1137 0 633 1 enda
1138 0 633 1 endb
1139 0 634 1 enda
1140 0 634 1 endb
1141 0 635 1 enda
1142 0 635 1 endb
1143 0 636 1 enda
1144 0 636 1 endb
1145 0 638 1 enda
1146 0 638 1 endb
1147 0 639 1 enda
1148 0 639 1 endb
1149 0 640 1 enda
1150 0 640 1 endb
1151 0 641 1 enda
1152 0 641 1 endb
1153 0 642 1 enda
1154 0 642 1 endb
1155 0 643 1 enda
1156 0 643 1 endb
1157 0 644 1 enda
1158 0 644 1 endb
1159 0 645 1 enda
1160 0 645 1 endb
1161 0 646 1 enda
1162 0 646 1 endb
1163 0 659 1 enda
1164 0 659 1 endb
1165 0 660 1 enda
1166 0 660 1 endb
1167 0 661 1 enda
1168 0 661 1 endb
1169 0 662 1 enda
1170 0 662 1 endb
1171 0 663 1 enda
1172 0 663 1 endb
1173 0 664 1 enda
1174 0 664 1 endb
1175 0 665 1 enda
1176 0 665 1 endb
1177 0 666 1 enda
1178 0 666 1 endb
1179 0 667 1 enda
1180 0 667 1 endb
1181 0 669 1 enda
1182 0 669 1 endb
1183 0 670 1 enda
1184 0 670 1 endb
1185 0 671 1 enda
1186 0 671 1 endb
1187 0 672 1 enda
1188 0 672 1 endb
1189 0 673 1 enda
1190 0 673 1 endb
1191 0 674 1 enda
1192 0 674 1 endb
1193 0 675 1 enda
1194 0 675 1 endb
1195 0 676 1 enda
1196 0 676 1 endb
1197 0 677 1 enda
1198 0 677 1 endb
