527 666 816
0 0 87 0.971398136411 n0e0
0 0 97 0.0286018635885 n0e0
0 1 88 0.331829218541 n0e1
0 1 97 0.668170781459 n0e1
1 0 89 0.799574443737 n0e0
1 0 140 0.200425556263 n0e0
1 1 90 0.119697757025 n0e1
1 1 140 0.880302242975 n0e1
2 0 91 0.766499847544 n0e0
2 0 183 0.233500152456 n0e0
2 1 92 0.134862062205 n0e1
2 1 183 0.865137937795 n0e1
3 0 93 0.404779865063 n0e0
3 0 226 0.595220134937 n0e0
3 1 94 0.671398137092 n0e1
3 1 226 0.328601862908 n0e1
4 0 95 0.350577995769 n0e0
4 0 269 0.649422004231 n0e0
4 1 96 0.165983675946 n0e1
4 1 269 0.834016324054 n0e1
5 0 98 0.737027741383 n1e0
5 0 99 0.262972258617 n1e0
5 1 98 0.934767616132 n1e1
5 1 100 0.0652323838681 n1e1
6 0 101 0.737027741383 n1e0
6 0 102 0.262972258617 n1e0
6 1 101 0.934767616132 n1e1
6 1 103 0.0652323838681 n1e1
7 0 104 0.714750283557 n1e0
7 0 105 0.285249716443 n1e0
7 1 104 0.661077156393 n1e1
7 1 106 0.338922843607 n1e1
8 0 107 0.714750283557 n1e0
8 0 108 0.285249716443 n1e0
8 1 107 0.661077156393 n1e1
8 1 109 0.338922843607 n1e1
9 0 110 0.540634196039 n1e0
9 0 111 0.459365803961 n1e0
9 1 110 0.0646567761528 n1e1
9 1 112 0.935343223847 n1e1
10 0 113 0.540634196039 n1e0
10 0 114 0.459365803961 n1e0
10 1 113 0.0646567761528 n1e1
10 1 115 0.935343223847 n1e1
11 0 116 0.640584854997 n1e0
11 0 117 0.359415145003 n1e0
11 1 116 0.287087411436 n1e1
11 1 118 0.712912588564 n1e1
12 0 119 0.640584854997 n1e0
12 0 120 0.359415145003 n1e0
12 1 119 0.287087411436 n1e1
12 1 121 0.712912588564 n1e1
13 0 122 0.934639532166 n1e0
13 0 123 0.0653604678339 n1e0
13 1 122 0.884337917941 n1e1
13 1 124 0.115662082059 n1e1
14 0 125 0.934639532166 n1e0
14 0 126 0.0653604678339 n1e0
14 1 125 0.884337917941 n1e1
14 1 127 0.115662082059 n1e1
15 0 128 0.114466570696 n1e0
15 0 129 0.885533429304 n1e0
15 1 128 0.34950124986 n1e1
15 1 130 0.65049875014 n1e1
16 0 131 0.114466570696 n1e0
16 0 132 0.885533429304 n1e0
16 1 131 0.34950124986 n1e1
16 1 133 0.65049875014 n1e1
17 0 134 0.615859944989 n1e0
17 0 135 0.384140055011 n1e0
17 1 134 0.470870650635 n1e1
17 1 136 0.529129349365 n1e1
18 0 137 0.615859944989 n1e0
18 0 138 0.384140055011 n1e0
18 1 137 0.470870650635 n1e1
18 1 139 0.529129349365 n1e1
19 0 141 0.737027741383 n1e0
19 0 142 0.262972258617 n1e0
19 1 141 0.934767616132 n1e1
19 1 143 0.0652323838681 n1e1
20 0 144 0.737027741383 n1e0
20 0 145 0.262972258617 n1e0
20 1 144 0.934767616132 n1e1
20 1 146 0.0652323838681 n1e1
21 0 147 0.714750283557 n1e0
21 0 148 0.285249716443 n1e0
21 1 147 0.661077156393 n1e1
21 1 149 0.338922843607 n1e1
22 0 150 0.714750283557 n1e0
22 0 151 0.285249716443 n1e0
22 1 150 0.661077156393 n1e1
22 1 152 0.338922843607 n1e1
23 0 153 0.540634196039 n1e0
23 0 154 0.459365803961 n1e0
23 1 153 0.0646567761528 n1e1
23 1 155 0.935343223847 n1e1
24 0 156 0.540634196039 n1e0
24 0 157 0.459365803961 n1e0
24 1 156 0.0646567761528 n1e1
24 1 158 0.935343223847 n1e1
25 0 159 0.640584854997 n1e0
25 0 160 0.359415145003 n1e0
25 1 159 0.287087411436 n1e1
25 1 161 0.712912588564 n1e1
26 0 162 0.640584854997 n1e0
26 0 163 0.359415145003 n1e0
26 1 162 0.287087411436 n1e1
26 1 164 0.712912588564 n1e1
27 0 165 0.934639532166 n1e0
27 0 166 0.0653604678339 n1e0
27 1 165 0.884337917941 n1e1
27 1 167 0.115662082059 n1e1
28 0 168 0.934639532166 n1e0
28 0 169 0.0653604678339 n1e0
28 1 168 0.884337917941 n1e1
28 1 170 0.115662082059 n1e1
29 0 171 0.114466570696 n1e0
29 0 172 0.885533429304 n1e0
29 1 171 0.34950124986 n1e1
29 1 173 0.65049875014 n1e1
30 0 174 0.114466570696 n1e0
30 0 175 0.885533429304 n1e0
30 1 174 0.34950124986 n1e1
30 1 176 0.65049875014 n1e1
31 0 177 0.615859944989 n1e0
31 0 178 0.384140055011 n1e0
31 1 177 0.470870650635 n1e1
31 1 179 0.529129349365 n1e1
32 0 180 0.615859944989 n1e0
32 0 181 0.384140055011 n1e0
32 1 180 0.470870650635 n1e1
32 1 182 0.529129349365 n1e1
33 0 184 0.737027741383 n1e0
33 0 185 0.262972258617 n1e0
33 1 184 0.934767616132 n1e1
33 1 186 0.0652323838681 n1e1
34 0 187 0.737027741383 n1e0
34 0 188 0.262972258617 n1e0
34 1 187 0.934767616132 n1e1
34 1 189 0.0652323838681 n1e1
35 0 190 0.714750283557 n1e0
35 0 191 0.285249716443 n1e0
35 1 190 0.661077156393 n1e1
35 1 192 0.338922843607 n1e1
36 0 193 0.714750283557 n1e0
36 0 194 0.285249716443 n1e0
36 1 193 0.661077156393 n1e1
36 1 195 0.338922843607 n1e1
37 0 196 0.540634196039 n1e0
37 0 197 0.459365803961 n1e0
37 1 196 0.0646567761528 n1e1
37 1 198 0.935343223847 n1e1
38 0 199 0.540634196039 n1e0
38 0 200 0.459365803961 n1e0
38 1 199 0.0646567761528 n1e1
38 1 201 0.935343223847 n1e1
39 0 202 0.640584854997 n1e0
39 0 203 0.359415145003 n1e0
39 1 202 0.287087411436 n1e1
39 1 204 0.712912588564 n1e1
40 0 205 0.640584854997 n1e0
40 0 206 0.359415145003 n1e0
40 1 205 0.287087411436 n1e1
40 1 207 0.712912588564 n1e1
41 0 208 0.934639532166 n1e0
41 0 209 0.0653604678339 n1e0
41 1 208 0.884337917941 n1e1
41 1 210 0.115662082059 n1e1
42 0 211 0.934639532166 n1e0
42 0 212 0.0653604678339 n1e0
42 1 211 0.884337917941 n1e1
42 1 213 0.115662082059 n1e1
43 0 214 0.114466570696 n1e0
43 0 215 0.885533429304 n1e0
43 1 214 0.34950124986 n1e1
43 1 216 0.65049875014 n1e1
44 0 217 0.114466570696 n1e0
44 0 218 0.885533429304 n1e0
44 1 217 0.34950124986 n1e1
44 1 219 0.65049875014 n1e1
45 0 220 0.615859944989 n1e0
45 0 221 0.384140055011 n1e0
45 1 220 0.470870650635 n1e1
45 1 222 0.529129349365 n1e1
46 0 223 0.615859944989 n1e0
46 0 224 0.384140055011 n1e0
46 1 223 0.470870650635 n1e1
46 1 225 0.529129349365 n1e1
47 0 227 0.737027741383 n1e0
47 0 228 0.262972258617 n1e0
47 1 227 0.934767616132 n1e1
47 1 229 0.0652323838681 n1e1
48 0 230 0.737027741383 n1e0
48 0 231 0.262972258617 n1e0
48 1 230 0.934767616132 n1e1
48 1 232 0.0652323838681 n1e1
49 0 233 0.714750283557 n1e0
49 0 234 0.285249716443 n1e0
49 1 233 0.661077156393 n1e1
49 1 235 0.338922843607 n1e1
50 0 236 0.714750283557 n1e0
50 0 237 0.285249716443 n1e0
50 1 236 0.661077156393 n1e1
50 1 238 0.338922843607 n1e1
51 0 239 0.540634196039 n1e0
51 0 240 0.459365803961 n1e0
51 1 239 0.0646567761528 n1e1
51 1 241 0.935343223847 n1e1
52 0 242 0.540634196039 n1e0
52 0 243 0.459365803961 n1e0
52 1 242 0.0646567761528 n1e1
52 1 244 0.935343223847 n1e1
53 0 245 0.640584854997 n1e0
53 0 246 0.359415145003 n1e0
53 1 245 0.287087411436 n1e1
53 1 247 0.712912588564 n1e1
54 0 248 0.640584854997 n1e0
54 0 249 0.359415145003 n1e0
54 1 248 0.287087411436 n1e1
54 1 250 0.712912588564 n1e1
55 0 251 0.934639532166 n1e0
55 0 252 0.0653604678339 n1e0
55 1 251 0.884337917941 n1e1
55 1 253 0.115662082059 n1e1
56 0 254 0.934639532166 n1e0
56 0 255 0.0653604678339 n1e0
56 1 254 0.884337917941 n1e1
56 1 256 0.115662082059 n1e1
57 0 257 0.114466570696 n1e0
57 0 258 0.885533429304 n1e0
57 1 257 0.34950124986 n1e1
57 1 259 0.65049875014 n1e1
58 0 260 0.114466570696 n1e0
58 0 261 0.885533429304 n1e0
58 1 260 0.34950124986 n1e1
58 1 262 0.65049875014 n1e1
59 0 263 0.615859944989 n1e0
59 0 264 0.384140055011 n1e0
59 1 263 0.470870650635 n1e1
59 1 265 0.529129349365 n1e1
60 0 266 0.615859944989 n1e0
60 0 267 0.384140055011 n1e0
60 1 266 0.470870650635 n1e1
60 1 268 0.529129349365 n1e1
61 0 270 0.737027741383 n1e0
61 0 271 0.262972258617 n1e0
61 1 270 0.934767616132 n1e1
61 1 272 0.0652323838681 n1e1
62 0 273 0.737027741383 n1e0
62 0 274 0.262972258617 n1e0
62 1 273 0.934767616132 n1e1
62 1 275 0.0652323838681 n1e1
63 0 276 0.714750283557 n1e0
63 0 277 0.285249716443 n1e0
63 1 276 0.661077156393 n1e1
63 1 278 0.338922843607 n1e1
64 0 279 0.714750283557 n1e0
64 0 280 0.285249716443 n1e0
64 1 279 0.661077156393 n1e1
64 1 281 0.338922843607 n1e1
65 0 282 0.540634196039 n1e0
65 0 283 0.459365803961 n1e0
65 1 282 0.0646567761528 n1e1
65 1 284 0.935343223847 n1e1
66 0 285 0.540634196039 n1e0
66 0 286 0.459365803961 n1e0
66 1 285 0.0646567761528 n1e1
66 1 287 0.935343223847 n1e1
67 0 288 0.640584854997 n1e0
67 0 289 0.359415145003 n1e0
67 1 288 0.287087411436 n1e1
67 1 290 0.712912588564 n1e1
68 0 291 0.640584854997 n1e0
68 0 292 0.359415145003 n1e0
68 1 291 0.287087411436 n1e1
68 1 293 0.712912588564 n1e1
69 0 294 0.934639532166 n1e0
69 0 295 0.0653604678339 n1e0
69 1 294 0.884337917941 n1e1
69 1 296 0.115662082059 n1e1
70 0 297 0.934639532166 n1e0
70 0 298 0.0653604678339 n1e0
70 1 297 0.884337917941 n1e1
70 1 299 0.115662082059 n1e1
71 0 300 0.114466570696 n1e0
71 0 301 0.885533429304 n1e0
71 1 300 0.34950124986 n1e1
71 1 302 0.65049875014 n1e1
72 0 303 0.114466570696 n1e0
72 0 304 0.885533429304 n1e0
72 1 303 0.34950124986 n1e1
72 1 305 0.65049875014 n1e1
73 0 306 0.615859944989 n1e0
73 0 307 0.384140055011 n1e0
73 1 306 0.470870650635 n1e1
73 1 308 0.529129349365 n1e1
74 0 309 0.615859944989 n1e0
74 0 310 0.384140055011 n1e0
74 1 309 0.470870650635 n1e1
74 1 311 0.529129349365 n1e1
75 0 0 1 n0r7
75 1 1 1 n0r8
75 2 2 1 n0r10
75 3 3 1 n0r13
75 4 4 1 n0r14
76 0 5 1 n1r2
76 1 7 1 n1r4
76 2 9 1 n1r5
76 3 11 1 n1r8
76 4 13 1 n1r9
76 5 15 1 n1r10
76 6 17 1 n1r14
77 0 6 1 n1r2
77 1 8 1 n1r4
77 2 10 1 n1r5
77 3 12 1 n1r8
77 4 14 1 n1r9
77 5 16 1 n1r10
77 6 18 1 n1r14
78 0 19 1 n1r2
78 1 21 1 n1r4
78 2 23 1 n1r5
78 3 25 1 n1r8
78 4 27 1 n1r9
78 5 29 1 n1r10
78 6 31 1 n1r14
79 0 20 1 n1r2
79 1 22 1 n1r4
79 2 24 1 n1r5
79 3 26 1 n1r8
79 4 28 1 n1r9
79 5 30 1 n1r10
79 6 32 1 n1r14
80 0 33 1 n1r2
80 1 35 1 n1r4
80 2 37 1 n1r5
80 3 39 1 n1r8
80 4 41 1 n1r9
80 5 43 1 n1r10
80 6 45 1 n1r14
81 0 34 1 n1r2
81 1 36 1 n1r4
81 2 38 1 n1r5
81 3 40 1 n1r8
81 4 42 1 n1r9
81 5 44 1 n1r10
81 6 46 1 n1r14
82 0 47 1 n1r2
82 1 49 1 n1r4
82 2 51 1 n1r5
82 3 53 1 n1r8
82 4 55 1 n1r9
82 5 57 1 n1r10
82 6 59 1 n1r14
83 0 48 1 n1r2
83 1 50 1 n1r4
83 2 52 1 n1r5
83 3 54 1 n1r8
83 4 56 1 n1r9
83 5 58 1 n1r10
83 6 60 1 n1r14
84 0 61 1 n1r2
84 1 63 1 n1r4
84 2 65 1 n1r5
84 3 67 1 n1r8
84 4 69 1 n1r9
84 5 71 1 n1r10
84 6 73 1 n1r14
85 0 62 1 n1r2
85 1 64 1 n1r4
85 2 66 1 n1r5
85 3 68 1 n1r8
85 4 70 1 n1r9
85 5 72 1 n1r10
85 6 74 1 n1r14
86 0 75 1 be
87 0 76 1 be
88 0 77 1 be
89 0 78 1 be
90 0 79 1 be
91 0 80 1 be
92 0 81 1 be
93 0 82 1 be
94 0 83 1 be
95 0 84 1 be
96 0 85 1 be
97 0 312 1 end
98 0 313 1 end
99 0 314 1 end
100 0 315 1 end
101 0 316 1 end
102 0 317 1 end
103 0 318 1 end
104 0 319 1 end
105 0 320 1 end
106 0 321 1 end
107 0 322 1 end
108 0 323 1 end
109 0 324 1 end
110 0 325 1 end
111 0 326 1 end
112 0 327 1 end
113 0 328 1 end
114 0 329 1 end
115 0 330 1 end
116 0 331 1 end
117 0 332 1 end
118 0 333 1 end
119 0 334 1 end
120 0 335 1 end
121 0 336 1 end
122 0 337 1 end
123 0 338 1 end
124 0 339 1 end
125 0 340 1 end
126 0 341 1 end
127 0 342 1 end
128 0 343 1 end
129 0 344 1 end
130 0 345 1 end
131 0 346 1 end
132 0 347 1 end
133 0 348 1 end
134 0 349 1 end
135 0 350 1 end
136 0 351 1 end
137 0 352 1 end
138 0 353 1 end
139 0 354 1 end
140 0 355 1 end
141 0 356 1 end
142 0 357 1 end
143 0 358 1 end
144 0 359 1 end
145 0 360 1 end
146 0 361 1 end
147 0 362 1 end
148 0 363 1 end
149 0 364 1 end
150 0 365 1 end
151 0 366 1 end
152 0 367 1 end
153 0 368 1 end
154 0 369 1 end
155 0 370 1 end
156 0 371 1 end
157 0 372 1 end
158 0 373 1 end
159 0 374 1 end
160 0 375 1 end
161 0 376 1 end
162 0 377 1 end
163 0 378 1 end
164 0 379 1 end
165 0 380 1 end
166 0 381 1 end
167 0 382 1 end
168 0 383 1 end
169 0 384 1 end
170 0 385 1 end
171 0 386 1 end
172 0 387 1 end
173 0 388 1 end
174 0 389 1 end
175 0 390 1 end
176 0 391 1 end
177 0 392 1 end
178 0 393 1 end
179 0 394 1 end
180 0 395 1 end
181 0 396 1 end
182 0 397 1 end
183 0 398 1 end
184 0 399 1 end
185 0 400 1 end
186 0 401 1 end
187 0 402 1 end
188 0 403 1 end
189 0 404 1 end
190 0 405 1 end
191 0 406 1 end
192 0 407 1 end
193 0 408 1 end
194 0 409 1 end
195 0 410 1 end
196 0 411 1 end
197 0 412 1 end
198 0 413 1 end
199 0 414 1 end
200 0 415 1 end
201 0 416 1 end
202 0 417 1 end
203 0 418 1 end
204 0 419 1 end
205 0 420 1 end
206 0 421 1 end
207 0 422 1 end
208 0 423 1 end
209 0 424 1 end
210 0 425 1 end
211 0 426 1 end
212 0 427 1 end
213 0 428 1 end
214 0 429 1 end
215 0 430 1 end
216 0 431 1 end
217 0 432 1 end
218 0 433 1 end
219 0 434 1 end
220 0 435 1 end
221 0 436 1 end
222 0 437 1 end
223 0 438 1 end
224 0 439 1 end
225 0 440 1 end
226 0 441 1 end
227 0 442 1 end
228 0 443 1 end
229 0 444 1 end
230 0 445 1 end
231 0 446 1 end
232 0 447 1 end
233 0 448 1 end
234 0 449 1 end
235 0 450 1 end
236 0 451 1 end
237 0 452 1 end
238 0 453 1 end
239 0 454 1 end
240 0 455 1 end
241 0 456 1 end
242 0 457 1 end
243 0 458 1 end
244 0 459 1 end
245 0 460 1 end
246 0 461 1 end
247 0 462 1 end
248 0 463 1 end
249 0 464 1 end
250 0 465 1 end
251 0 466 1 end
252 0 467 1 end
253 0 468 1 end
254 0 469 1 end
255 0 470 1 end
256 0 471 1 end
257 0 472 1 end
258 0 473 1 end
259 0 474 1 end
260 0 475 1 end
261 0 476 1 end
262 0 477 1 end
263 0 478 1 end
264 0 479 1 end
265 0 480 1 end
266 0 481 1 end
267 0 482 1 end
268 0 483 1 end
269 0 484 1 end
270 0 485 1 end
271 0 486 1 end
272 0 487 1 end
273 0 488 1 end
274 0 489 1 end
275 0 490 1 end
276 0 491 1 end
277 0 492 1 end
278 0 493 1 end
279 0 494 1 end
280 0 495 1 end
281 0 496 1 end
282 0 497 1 end
283 0 498 1 end
284 0 499 1 end
285 0 500 1 end
286 0 501 1 end
287 0 502 1 end
288 0 503 1 end
289 0 504 1 end
290 0 505 1 end
291 0 506 1 end
292 0 507 1 end
293 0 508 1 end
294 0 509 1 end
295 0 510 1 end
296 0 511 1 end
297 0 512 1 end
298 0 513 1 end
299 0 514 1 end
300 0 515 1 end
301 0 516 1 end
302 0 517 1 end
303 0 518 1 end
304 0 519 1 end
305 0 520 1 end
306 0 521 1 end
307 0 522 1 end
308 0 523 1 end
309 0 524 1 end
310 0 525 1 end
311 0 526 1 end
312 0 312 1 ter
313 0 313 1 ter
314 0 314 1 ter
315 0 315 1 ter
316 0 316 1 ter
317 0 317 1 ter
318 0 318 1 ter
319 0 319 1 ter
320 0 320 1 ter
321 0 321 1 ter
322 0 322 1 ter
323 0 323 1 ter
324 0 324 1 ter
325 0 325 1 ter
326 0 326 1 ter
327 0 327 1 ter
328 0 328 1 ter
329 0 329 1 ter
330 0 330 1 ter
331 0 331 1 ter
332 0 332 1 ter
333 0 333 1 ter
334 0 334 1 ter
335 0 335 1 ter
336 0 336 1 ter
337 0 337 1 ter
338 0 338 1 ter
339 0 339 1 ter
340 0 340 1 ter
341 0 341 1 ter
342 0 342 1 ter
343 0 343 1 ter
344 0 344 1 ter
345 0 345 1 ter
346 0 346 1 ter
347 0 347 1 ter
348 0 348 1 ter
349 0 349 1 ter
350 0 350 1 ter
351 0 351 1 ter
352 0 352 1 ter
353 0 353 1 ter
354 0 354 1 ter
355 0 355 1 ter
356 0 356 1 ter
357 0 357 1 ter
358 0 358 1 ter
359 0 359 1 ter
360 0 360 1 ter
361 0 361 1 ter
362 0 362 1 ter
363 0 363 1 ter
364 0 364 1 ter
365 0 365 1 ter
366 0 366 1 ter
367 0 367 1 ter
368 0 368 1 ter
369 0 369 1 ter
370 0 370 1 ter
371 0 371 1 ter
372 0 372 1 ter
373 0 373 1 ter
374 0 374 1 ter
375 0 375 1 ter
376 0 376 1 ter
377 0 377 1 ter
378 0 378 1 ter
379 0 379 1 ter
380 0 380 1 ter
381 0 381 1 ter
382 0 382 1 ter
383 0 383 1 ter
384 0 384 1 ter
385 0 385 1 ter
386 0 386 1 ter
387 0 387 1 ter
388 0 388 1 ter
389 0 389 1 ter
390 0 390 1 ter
391 0 391 1 ter
392 0 392 1 ter
393 0 393 1 ter
394 0 394 1 ter
395 0 395 1 ter
396 0 396 1 ter
397 0 397 1 ter
398 0 398 1 ter
399 0 399 1 ter
400 0 400 1 ter
401 0 401 1 ter
402 0 402 1 ter
403 0 403 1 ter
404 0 404 1 ter
405 0 405 1 ter
406 0 406 1 ter
407 0 407 1 ter
408 0 408 1 ter
409 0 409 1 ter
410 0 410 1 ter
411 0 411 1 ter
412 0 412 1 ter
413 0 413 1 ter
414 0 414 1 ter
415 0 415 1 ter
416 0 416 1 ter
417 0 417 1 ter
418 0 418 1 ter
419 0 419 1 ter
420 0 420 1 ter
421 0 421 1 ter
422 0 422 1 ter
423 0 423 1 ter
424 0 424 1 ter
425 0 425 1 ter
426 0 426 1 ter
427 0 427 1 ter
428 0 428 1 ter
429 0 429 1 ter
430 0 430 1 ter
431 0 431 1 ter
432 0 432 1 ter
433 0 433 1 ter
434 0 434 1 ter
435 0 435 1 ter
436 0 436 1 ter
437 0 437 1 ter
438 0 438 1 ter
439 0 439 1 ter
440 0 440 1 ter
441 0 441 1 ter
442 0 442 1 ter
443 0 443 1 ter
444 0 444 1 ter
445 0 445 1 ter
446 0 446 1 ter
447 0 447 1 ter
448 0 448 1 ter
449 0 449 1 ter
450 0 450 1 ter
451 0 451 1 ter
452 0 452 1 ter
453 0 453 1 ter
454 0 454 1 ter
455 0 455 1 ter
456 0 456 1 ter
457 0 457 1 ter
458 0 458 1 ter
459 0 459 1 ter
460 0 460 1 ter
461 0 461 1 ter
462 0 462 1 ter
463 0 463 1 ter
464 0 464 1 ter
465 0 465 1 ter
466 0 466 1 ter
467 0 467 1 ter
468 0 468 1 ter
469 0 469 1 ter
470 0 470 1 ter
471 0 471 1 ter
472 0 472 1 ter
473 0 473 1 ter
474 0 474 1 ter
475 0 475 1 ter
476 0 476 1 ter
477 0 477 1 ter
478 0 478 1 ter
479 0 479 1 ter
480 0 480 1 ter
481 0 481 1 ter
482 0 482 1 ter
483 0 483 1 ter
484 0 484 1 ter
485 0 485 1 ter
486 0 486 1 ter
487 0 487 1 ter
488 0 488 1 ter
489 0 489 1 ter
490 0 490 1 ter
491 0 491 1 ter
492 0 492 1 ter
493 0 493 1 ter
494 0 494 1 ter
495 0 495 1 ter
496 0 496 1 ter
497 0 497 1 ter
498 0 498 1 ter
499 0 499 1 ter
500 0 500 1 ter
501 0 501 1 ter
502 0 502 1 ter
503 0 503 1 ter
504 0 504 1 ter
505 0 505 1 ter
506 0 506 1 ter
507 0 507 1 ter
508 0 508 1 ter
509 0 509 1 ter
510 0 510 1 ter
511 0 511 1 ter
512 0 512 1 ter
513 0 513 1 ter
514 0 514 1 ter
515 0 515 1 ter
516 0 516 1 ter
517 0 517 1 ter
518 0 518 1 ter
519 0 519 1 ter
520 0 520 1 ter
521 0 521 1 ter
522 0 522 1 ter
523 0 523 1 ter
524 0 524 1 ter
525 0 525 1 ter
526 0 526 1 ter
