61 480 520
0 0 41 1 r0
0 1 42 1 r1
0 2 43 1 r2
0 3 44 1 r3
0 4 45 1 r4
0 5 46 1 r5
0 6 47 1 r6
0 7 48 1 r7
0 8 49 1 r8
0 9 50 1 r9
0 10 51 1 r10
0 11 52 1 r11
0 12 53 1 r12
0 13 54 1 r13
0 14 55 1 r14
0 15 56 1 r15
0 16 57 1 r16
0 17 58 1 r17
0 18 59 1 r18
0 19 60 1 r19
1 0 41 1 r0
1 1 42 1 r1
1 2 43 1 r2
1 3 44 1 r3
1 4 45 1 r4
1 5 46 1 r5
1 6 47 1 r6
1 7 48 1 r7
1 8 49 1 r8
1 9 50 1 r9
1 10 51 1 r10
1 11 52 1 r11
1 12 53 1 r12
1 13 54 1 r13
1 14 55 1 r14
1 15 56 1 r15
1 16 57 1 r16
1 17 58 1 r17
1 18 59 1 r18
1 19 60 1 r19
2 0 41 1 r0
2 1 42 1 r1
2 2 43 1 r2
2 3 44 1 r3
2 4 45 1 r4
2 5 46 1 r5
2 6 47 1 r6
2 7 48 1 r7
2 8 49 1 r8
2 9 50 1 r9
2 10 51 1 r10
2 11 52 1 r11
2 12 53 1 r12
2 13 54 1 r13
2 14 55 1 r14
2 15 56 1 r15
2 16 57 1 r16
2 17 58 1 r17
2 18 59 1 r18
2 19 60 1 r19
3 0 41 1 r0
3 1 42 1 r1
3 2 43 1 r2
3 3 44 1 r3
3 4 45 1 r4
3 5 46 1 r5
3 6 47 1 r6
3 7 48 1 r7
3 8 49 1 r8
3 9 50 1 r9
3 10 51 1 r10
3 11 52 1 r11
3 12 53 1 r12
3 13 54 1 r13
3 14 55 1 r14
3 15 56 1 r15
3 16 57 1 r16
3 17 58 1 r17
3 18 59 1 r18
3 19 60 1 r19
4 0 41 1 r0
4 1 42 1 r1
4 2 43 1 r2
4 3 44 1 r3
4 4 45 1 r4
4 5 46 1 r5
4 6 47 1 r6
4 7 48 1 r7
4 8 49 1 r8
4 9 50 1 r9
4 10 51 1 r10
4 11 52 1 r11
4 12 53 1 r12
4 13 54 1 r13
4 14 55 1 r14
4 15 56 1 r15
4 16 57 1 r16
4 17 58 1 r17
4 18 59 1 r18
4 19 60 1 r19
5 0 41 1 r0
5 1 42 1 r1
5 2 43 1 r2
5 3 44 1 r3
5 4 45 1 r4
5 5 46 1 r5
5 6 47 1 r6
5 7 48 1 r7
5 8 49 1 r8
5 9 50 1 r9
5 10 51 1 r10
5 11 52 1 r11
5 12 53 1 r12
5 13 54 1 r13
5 14 55 1 r14
5 15 56 1 r15
5 16 57 1 r16
5 17 58 1 r17
5 18 59 1 r18
5 19 60 1 r19
6 0 41 1 r0
6 1 42 1 r1
6 2 43 1 r2
6 3 44 1 r3
6 4 45 1 r4
6 5 46 1 r5
6 6 47 1 r6
6 7 48 1 r7
6 8 49 1 r8
6 9 50 1 r9
6 10 51 1 r10
6 11 52 1 r11
6 12 53 1 r12
6 13 54 1 r13
6 14 55 1 r14
6 15 56 1 r15
6 16 57 1 r16
6 17 58 1 r17
6 18 59 1 r18
6 19 60 1 r19
7 0 41 1 r0
7 1 42 1 r1
7 2 43 1 r2
7 3 44 1 r3
7 4 45 1 r4
7 5 46 1 r5
7 6 47 1 r6
7 7 48 1 r7
7 8 49 1 r8
7 9 50 1 r9
7 10 51 1 r10
7 11 52 1 r11
7 12 53 1 r12
7 13 54 1 r13
7 14 55 1 r14
7 15 56 1 r15
7 16 57 1 r16
7 17 58 1 r17
7 18 59 1 r18
7 19 60 1 r19
8 0 41 1 r0
8 1 42 1 r1
8 2 43 1 r2
8 3 44 1 r3
8 4 45 1 r4
8 5 46 1 r5
8 6 47 1 r6
8 7 48 1 r7
8 8 49 1 r8
8 9 50 1 r9
8 10 51 1 r10
8 11 52 1 r11
8 12 53 1 r12
8 13 54 1 r13
8 14 55 1 r14
8 15 56 1 r15
8 16 57 1 r16
8 17 58 1 r17
8 18 59 1 r18
8 19 60 1 r19
9 0 41 1 r0
9 1 42 1 r1
9 2 43 1 r2
9 3 44 1 r3
9 4 45 1 r4
9 5 46 1 r5
9 6 47 1 r6
9 7 48 1 r7
9 8 49 1 r8
9 9 50 1 r9
9 10 51 1 r10
9 11 52 1 r11
9 12 53 1 r12
9 13 54 1 r13
9 14 55 1 r14
9 15 56 1 r15
9 16 57 1 r16
9 17 58 1 r17
9 18 59 1 r18
9 19 60 1 r19
10 0 41 1 r0
10 1 42 1 r1
10 2 43 1 r2
10 3 44 1 r3
10 4 45 1 r4
10 5 46 1 r5
10 6 47 1 r6
10 7 48 1 r7
10 8 49 1 r8
10 9 50 1 r9
10 10 51 1 r10
10 11 52 1 r11
10 12 53 1 r12
10 13 54 1 r13
10 14 55 1 r14
10 15 56 1 r15
10 16 57 1 r16
10 17 58 1 r17
10 18 59 1 r18
10 19 60 1 r19
11 0 41 1 r0
11 1 42 1 r1
11 2 43 1 r2
11 3 44 1 r3
11 4 45 1 r4
11 5 46 1 r5
11 6 47 1 r6
11 7 48 1 r7
11 8 49 1 r8
11 9 50 1 r9
11 10 51 1 r10
11 11 52 1 r11
11 12 53 1 r12
11 13 54 1 r13
11 14 55 1 r14
11 15 56 1 r15
11 16 57 1 r16
11 17 58 1 r17
11 18 59 1 r18
11 19 60 1 r19
12 0 41 1 r0
12 1 42 1 r1
12 2 43 1 r2
12 3 44 1 r3
12 4 45 1 r4
12 5 46 1 r5
12 6 47 1 r6
12 7 48 1 r7
12 8 49 1 r8
12 9 50 1 r9
12 10 51 1 r10
12 11 52 1 r11
12 12 53 1 r12
12 13 54 1 r13
12 14 55 1 r14
12 15 56 1 r15
12 16 57 1 r16
12 17 58 1 r17
12 18 59 1 r18
12 19 60 1 r19
13 0 41 1 r0
13 1 42 1 r1
13 2 43 1 r2
13 3 44 1 r3
13 4 45 1 r4
13 5 46 1 r5
13 6 47 1 r6
13 7 48 1 r7
13 8 49 1 r8
13 9 50 1 r9
13 10 51 1 r10
13 11 52 1 r11
13 12 53 1 r12
13 13 54 1 r13
13 14 55 1 r14
13 15 56 1 r15
13 16 57 1 r16
13 17 58 1 r17
13 18 59 1 r18
13 19 60 1 r19
14 0 41 1 r0
14 1 42 1 r1
14 2 43 1 r2
14 3 44 1 r3
14 4 45 1 r4
14 5 46 1 r5
14 6 47 1 r6
14 7 48 1 r7
14 8 49 1 r8
14 9 50 1 r9
14 10 51 1 r10
14 11 52 1 r11
14 12 53 1 r12
14 13 54 1 r13
14 14 55 1 r14
14 15 56 1 r15
14 16 57 1 r16
14 17 58 1 r17
14 18 59 1 r18
14 19 60 1 r19
15 0 41 1 r0
15 1 42 1 r1
15 2 43 1 r2
15 3 44 1 r3
15 4 45 1 r4
15 5 46 1 r5
15 6 47 1 r6
15 7 48 1 r7
15 8 49 1 r8
15 9 50 1 r9
15 10 51 1 r10
15 11 52 1 r11
15 12 53 1 r12
15 13 54 1 r13
15 14 55 1 r14
15 15 56 1 r15
15 16 57 1 r16
15 17 58 1 r17
15 18 59 1 r18
15 19 60 1 r19
16 0 41 1 r0
16 1 42 1 r1
16 2 43 1 r2
16 3 44 1 r3
16 4 45 1 r4
16 5 46 1 r5
16 6 47 1 r6
16 7 48 1 r7
16 8 49 1 r8
16 9 50 1 r9
16 10 51 1 r10
16 11 52 1 r11
16 12 53 1 r12
16 13 54 1 r13
16 14 55 1 r14
16 15 56 1 r15
16 16 57 1 r16
16 17 58 1 r17
16 18 59 1 r18
16 19 60 1 r19
17 0 41 1 r0
17 1 42 1 r1
17 2 43 1 r2
17 3 44 1 r3
17 4 45 1 r4
17 5 46 1 r5
17 6 47 1 r6
17 7 48 1 r7
17 8 49 1 r8
17 9 50 1 r9
17 10 51 1 r10
17 11 52 1 r11
17 12 53 1 r12
17 13 54 1 r13
17 14 55 1 r14
17 15 56 1 r15
17 16 57 1 r16
17 17 58 1 r17
17 18 59 1 r18
17 19 60 1 r19
18 0 41 1 r0
18 1 42 1 r1
18 2 43 1 r2
18 3 44 1 r3
18 4 45 1 r4
18 5 46 1 r5
18 6 47 1 r6
18 7 48 1 r7
18 8 49 1 r8
18 9 50 1 r9
18 10 51 1 r10
18 11 52 1 r11
18 12 53 1 r12
18 13 54 1 r13
18 14 55 1 r14
18 15 56 1 r15
18 16 57 1 r16
18 17 58 1 r17
18 18 59 1 r18
18 19 60 1 r19
19 0 41 1 r0
19 1 42 1 r1
19 2 43 1 r2
19 3 44 1 r3
19 4 45 1 r4
19 5 46 1 r5
19 6 47 1 r6
19 7 48 1 r7
19 8 49 1 r8
19 9 50 1 r9
19 10 51 1 r10
19 11 52 1 r11
19 12 53 1 r12
19 13 54 1 r13
19 14 55 1 r14
19 15 56 1 r15
19 16 57 1 r16
19 17 58 1 r17
19 18 59 1 r18
19 19 60 1 r19
20 0 41 1 r0
20 1 42 1 r1
20 2 43 1 r2
20 3 44 1 r3
20 4 45 1 r4
20 5 46 1 r5
20 6 47 1 r6
20 7 48 1 r7
20 8 49 1 r8
20 9 50 1 r9
20 10 51 1 r10
20 11 52 1 r11
20 12 53 1 r12
20 13 54 1 r13
20 14 55 1 r14
20 15 56 1 r15
20 16 57 1 r16
20 17 58 1 r17
20 18 59 1 r18
20 19 60 1 r19
21 0 21 1 end
22 0 22 1 end
23 0 23 1 end
24 0 24 1 end
25 0 25 1 end
26 0 26 1 end
27 0 27 1 end
28 0 28 1 end
29 0 29 1 end
30 0 30 1 end
31 0 31 1 end
32 0 32 1 end
33 0 33 1 end
34 0 34 1 end
35 0 35 1 end
36 0 36 1 end
37 0 37 1 end
38 0 38 1 end
39 0 39 1 end
40 0 40 1 end
41 0 1 0.0365868189013 n0rs0
41 0 21 0.963413181099 n0rs0
41 1 1 0.106628773061 n0rs1
41 1 21 0.893371226939 n0rs1
42 0 2 0.198197002618 n1rs0
42 0 22 0.801802997382 n1rs0
42 1 2 0.0708345628429 n1rs1
42 1 22 0.929165437157 n1rs1
43 0 3 0.0326747088158 n2rs0
43 0 23 0.967325291184 n2rs0
43 1 3 0.00140978943293 n2rs1
43 1 23 0.998590210567 n2rs1
44 0 4 0.0775097473538 n3rs0
44 0 24 0.922490252646 n3rs0
44 1 4 0.165475062743 n3rs1
44 1 24 0.834524937257 n3rs1
45 0 5 0.113088811073 n4rs0
45 0 25 0.886911188927 n4rs0
45 1 5 0.116562043654 n4rs1
45 1 25 0.883437956346 n4rs1
46 0 6 0.16114653106 n5rs0
46 0 26 0.83885346894 n5rs0
46 1 6 0.0322185215906 n5rs1
46 1 26 0.967781478409 n5rs1
47 0 7 0.141016800765 n6rs0
47 0 27 0.858983199235 n6rs0
47 1 7 0.0621481903158 n6rs1
47 1 27 0.937851809684 n6rs1
48 0 8 0.076653144802 n7rs0
48 0 28 0.923346855198 n7rs0
48 1 8 0.154853836294 n7rs1
48 1 28 0.845146163706 n7rs1
49 0 9 0.0973869194423 n8rs0
49 0 29 0.902613080558 n8rs0
49 1 9 0.180752662197 n8rs1
49 1 29 0.819247337803 n8rs1
50 0 10 0.0253919969519 n9rs0
50 0 30 0.974608003048 n9rs0
50 1 10 0.119732580606 n9rs1
50 1 30 0.880267419394 n9rs1
51 0 11 0.0928247937979 n10rs0
51 0 31 0.907175206202 n10rs0
51 1 11 0.0311181334273 n10rs1
51 1 31 0.968881866573 n10rs1
52 0 12 0.0816083023281 n11rs0
52 0 32 0.918391697672 n11rs0
52 1 12 0.0740148437654 n11rs1
52 1 32 0.925985156235 n11rs1
53 0 13 0.128828951674 n12rs0
53 0 33 0.871171048326 n12rs0
53 1 13 0.196000746658 n12rs1
53 1 33 0.803999253342 n12rs1
54 0 14 0.190714976851 n13rs0
54 0 34 0.809285023149 n13rs0
54 1 14 0.05813382049 n13rs1
54 1 34 0.94186617951 n13rs1
55 0 15 0.108165117343 n14rs0
55 0 35 0.891834882657 n14rs0
55 1 15 0.114244096785 n14rs1
55 1 35 0.885755903215 n14rs1
56 0 16 0.166796313709 n15rs0
56 0 36 0.833203686291 n15rs0
56 1 16 0.112479177631 n15rs1
56 1 36 0.887520822369 n15rs1
57 0 17 0.194479242863 n16rs0
57 0 37 0.805520757137 n16rs0
57 1 17 0.0370719458984 n16rs1
57 1 37 0.962928054102 n16rs1
58 0 18 0.189330373991 n17rs0
58 0 38 0.810669626009 n17rs0
58 1 18 0.0582991483305 n17rs1
58 1 38 0.941700851669 n17rs1
59 0 19 0.0211293097566 n18rs0
59 0 39 0.978870690243 n18rs0
59 1 19 0.00859970372034 n18rs1
59 1 39 0.99140029628 n18rs1
60 0 20 0.0991301796838 n19rs0
60 0 40 0.900869820316 n19rs0
60 1 20 0.0528213760216 n19rs1
60 1 40 0.947178623978 n19rs1
